subject,run,fs,n_channels,n_samples,mu_median,gamma_median,H_median,m_l_median,n_avalanches,mu_A,max_real_eig,spectral_radius,trace,det,frob_norm,is_structured,is_near_critical
S001,1,160.0,64,9760,1.5969529445981514,3.6524838351394506,0.8984226686233213,0.8697202844673084,1,,0.603486953807008,0.603486953807008,0.6639446128599782,1.573332386408087e-08,10.108886985798884,True,False
S001,2,160.0,64,9760,1.5169318313736881,3.642488256308104,0.7735174004906848,0.8687322053782116,1,,0.5375360138294931,0.5375360138294931,0.8387563372545934,3.739557310048985e-09,11.739002093811406,True,False
S001,3,160.0,64,20000,1.6044792898190479,3.69652234793572,0.8515973518944124,0.894986538476217,2,,0.6062184468764855,0.6062184468764855,0.6811757363552761,7.984801265404014e-13,6.2140777891541985,True,False
S001,4,160.0,64,20000,1.5970868377449972,3.6978714436580056,0.8631629384165287,0.8817653217264132,1,,0.6968560417581393,0.6968560417581393,0.6827373079808559,-2.1887914203415286e-11,8.094593505585081,True,False
S001,5,160.0,64,20000,1.560310442517979,3.7010212702466765,0.8665184309453757,0.903182824031908,3,,0.5605009224303145,0.5605009224303145,0.6121053871082313,-5.651743700482854e-13,9.004752006634948,True,False
S001,6,160.0,64,20000,1.6122686952128136,3.619119338293845,0.909739434847626,0.8887299281325256,4,,0.5392228795493517,0.5392228795493517,0.5645677351670783,2.1879206870494383e-15,6.231275209031919,True,False
S001,7,160.0,64,20000,1.5967623721741617,3.742140731198721,0.847306212281663,0.8814113944231297,3,,0.42395087785852803,0.42395087785852803,0.43803371126932095,2.5568379285478785e-12,3.7512388280059947,True,False
S001,8,160.0,64,20000,1.615023650887243,3.5611508893787427,0.8615693277066494,0.8869782921379918,2,,0.7811448804347373,0.7811448804347373,0.7569059967959679,-9.56294308692856e-12,7.201201860766587,True,False
S001,9,160.0,64,20000,1.6336161946116303,3.706888494611836,0.8907239260173399,0.8800196406854062,3,,0.25847842405328536,0.25847842405328536,0.3205517002669338,1.867696663578503e-13,3.915738859689004,True,False
S001,10,160.0,64,20000,1.6572252180245632,3.7713561756376777,0.9401519260863898,0.8787862823666023,2,,0.44269619088787143,0.44269619088787143,0.4096881680982559,-1.4795286002800006e-11,4.954586808606517,True,False
S001,11,160.0,64,20000,1.5524364759390792,3.686316078266567,0.8697606149109328,0.9069040544012394,4,,0.39069842533990223,0.39069842533990223,0.5103703227865432,1.4776183532241401e-13,3.0423436830721196,True,False
S001,12,160.0,64,20000,1.6410086237023578,3.752859305528196,0.8738014731712087,0.8623067330702467,3,,0.6814928918817211,0.6814928918817211,0.7323166795309972,-7.123294338491097e-13,8.459208739604405,True,False
S001,13,160.0,64,20000,1.5681174194865235,3.6401818043458656,0.8546509478205997,0.8991898580480544,1,,0.6443064178690254,0.6443064178690254,0.5851403494781265,1.6095639335750564e-13,7.871629773531188,True,False
S001,14,160.0,64,20000,1.6121357234981186,3.8090790673578034,0.8439055479415767,0.8889305858300461,1,,0.4277834976640842,0.4277834976640842,0.5019871036581973,3.9977985312207943e-13,5.983338100163941,True,False
S002,1,160.0,64,9760,1.6189145315950477,3.3279380616692498,0.9000194060156634,0.844436353603466,3,,0.7563405728462287,0.7563405728462287,0.7365123967087309,-2.711536037007748e-10,9.437486451726679,True,False
S002,2,160.0,64,9760,1.5362663500033846,3.3116882662663225,0.8346690166199472,0.8815079853838512,2,,0.5439601594672738,0.5439601594672738,0.6847157411096767,-2.834609685112425e-08,10.435244488221091,True,False
S002,3,160.0,64,19680,1.5783164855161547,3.1534050960820688,0.8368022450132477,0.842516326308973,3,,0.08695403877538369,0.34246437231254584,0.2015875285251615,5.0935287779113495e-12,4.392941029891468,True,False
S002,4,160.0,64,19680,1.592941214475775,3.032331047424817,0.8257271812159526,0.8526761784174617,1,,0.08980750963494058,0.2929920252645703,0.2115869180388587,2.0678084335601026e-11,10.605623260418717,True,False
S002,5,160.0,64,19680,1.6006841759342463,3.389621682671654,0.9134518393168283,0.8708920629695664,2,,0.016139974901097642,0.23028437131357768,0.06080063013098463,1.493435121072055e-14,3.0234048176757518,True,True
S002,6,160.0,64,19680,1.6397493465853028,3.2879074478000074,0.873383741725094,0.8568042152575076,1,,0.02354354320855459,0.2475402113863075,0.008949239136903403,2.7813758748125023e-12,4.707735363684409,True,True
S002,7,160.0,64,19680,1.6377888160895275,3.3582158274965783,0.9193633344176861,0.847857234367638,1,,0.11061258429756085,0.24637444418971063,0.22104776605193777,1.263753263838375e-13,4.017367196908234,True,False
S002,8,160.0,64,19680,1.5933601131149147,3.045787585983888,0.8397013441248224,0.8507071620242082,2,,0.0239031965297804,0.25737702200428036,0.03795752731828268,-3.067515141998395e-13,9.132504304799939,True,True
S002,9,160.0,64,19680,1.614648058255101,3.389302502733821,0.8799852785936579,0.8776475594008016,3,,0.019471145447788107,0.3788042540122009,-0.04743348812946341,1.2190576141438372e-11,7.023641166328623,True,True
S002,10,160.0,64,19680,1.5500086419643608,2.9934451760731227,0.8004923584202515,0.8558896643131578,4,,0.050349363242364914,0.27891969511625053,0.13983756024584293,2.4401723447225362e-12,6.380342047568476,True,False
S002,11,160.0,64,19680,1.6072025049058354,3.33268905393912,0.8548681331424782,0.8650120796090675,4,,0.032336049982451376,0.2738692351069654,0.06692806209288661,3.203691716622892e-11,4.767647394855001,True,True
S002,12,160.0,64,19680,1.5746083565430222,3.0154168957429572,0.8231912451214414,0.8540422138342354,4,,0.02689326094644051,0.23726285743757763,-0.0691096232472395,3.011997316755771e-13,3.8437577907441827,True,True
S002,13,160.0,64,19680,1.6146869549335445,3.4775033644213225,0.8131812141931031,0.8789241071319767,4,,0.005072855565895638,0.29871065241007505,0.003698919556600136,8.879439151604482e-12,4.322159982917835,True,True
S002,14,160.0,64,19680,1.573748056299245,3.0246470377922314,0.8267484136190756,0.846928755197205,4,,0.013569285118254207,0.28081582085577295,-0.00018004842052646297,1.8139083364905395e-11,7.165313071742004,True,True
S003,1,160.0,64,9760,2.5419318262776596,3.918171158395571,0.8899152092033988,0.5385798205645753,3,,0.8491340614950651,0.8491340614950651,0.665234307462284,9.83234580582323e-10,6.998716306181872,True,False
S003,2,160.0,64,9760,1.4940083211137638,3.71404024113758,0.7906180570563308,0.8902850910137694,1,,0.7055287621091477,0.7055287621091477,0.721596343257688,9.222570742126804e-10,9.031920508520493,True,False
S003,3,160.0,64,20000,1.5953946474496208,3.8077771392584463,0.8939578707566092,0.8902145721986161,2,,0.6149195168564573,0.6149195168564573,0.6153325229965242,-1.3713761469239293e-13,5.146228745311003,True,False
S003,4,160.0,64,20000,1.547350505153681,3.752136363316845,0.8040339381394658,0.8928226775983304,2,,0.7504904255940505,0.7504904255940505,0.76804681825112,9.089399678655795e-14,3.5899054626455316,True,False
S003,5,160.0,64,20000,1.6219942088871637,3.9145180277819134,0.8454700601867413,0.8875606484873593,2,,0.7700020086509028,0.7700020086509028,0.8157339231596189,1.1100603003343579e-12,4.151619166862494,True,False
S003,6,160.0,64,20000,2.225271945867976,3.9961391208467614,0.8669286773499568,0.6341261845954853,3,,0.5939715055664674,0.5939715055664674,0.5727316079600098,1.4816709425163615e-13,28.19678275912626,True,False
S003,7,160.0,64,20000,1.5629568881263625,3.9606256071021235,0.8688070835795669,0.9017188570802017,1,,0.7935046444697537,0.7935046444697537,0.8122549597922784,2.6341853898867487e-12,4.950767051715032,True,False
S003,8,160.0,64,20000,2.377826511688357,3.9204165664909087,0.8717489588359946,0.5831337873291597,2,,0.8337098115552909,0.8337098115552909,0.7802421892523956,1.4654820076206189e-13,8.295735334193887,True,False
S003,9,160.0,64,20000,1.67560308052632,3.9341685676257185,0.8323208047707467,0.8743436185430997,2,,0.8269242498099022,0.8269242498099022,0.7811891674420759,2.0609967744135814e-12,6.054581674554857,True,False
S003,10,160.0,64,20000,1.6300132919598163,3.8566565184437254,0.8786723279208928,0.8883007631289503,4,,0.831003551648511,0.831003551648511,0.7807965564548154,2.0480162121862766e-12,10.871899496316233,True,False
S003,11,160.0,64,20000,1.6276918568473742,3.919655170726072,0.8436218506900631,0.8878965534558306,1,,0.8031273111799856,0.8031273111799856,0.7826329402586014,-3.7903210213677525e-15,6.817000605971685,True,False
S003,12,160.0,64,20000,1.6134296409455162,3.799491975786292,0.8756759477620499,0.8956967488035774,2,,0.559392303600214,0.559392303600214,0.5823026474246537,-6.085164502326747e-13,2.811643422723927,True,False
S003,13,160.0,64,20000,2.2542966840464924,4.023681060940058,0.8086218461667342,0.6103957333766747,2,,0.3988012265319396,0.3988012265319396,0.5430528890012386,1.1813845131562116e-12,7.140130840676988,True,False
S003,14,160.0,64,20000,1.7069839155686575,4.011443246559983,0.8479023275301057,0.8543355000544526,2,,0.6202508876986088,0.6202508876986088,0.8425863784786812,1.3279719710325447e-12,5.9216723352261695,True,False
S004,1,160.0,64,9760,1.5906137175322774,3.3530868663866396,0.917218988386221,0.8871593228568031,4,,0.6706359341879887,0.6706359341879887,0.78155437073028,-1.1559306703740892e-09,22.88248422801806,True,False
S004,2,160.0,64,9760,1.5832332552835524,3.2663188455630388,0.9136277434515985,0.8812476741859907,1,,0.75734824270258,0.75734824270258,0.1209131530838593,3.346326068561221e-10,17.46430358579837,True,False
S004,3,160.0,64,19680,2.032353401793685,3.5900627935942437,0.9289753732053118,0.7179342322093701,1,,0.008995634277429962,0.2936356556382553,-0.02181462499382264,1.2377451118083519e-12,6.621316740121674,True,True
S004,4,160.0,64,19680,2.25069355271227,3.6280248669383877,0.9063575534147659,0.6164340842907239,2,,0.10514883428767569,0.24709674025591433,0.14572572201489645,2.459030818104852e-13,3.9078000414976852,True,False
S004,5,160.0,64,19680,1.7864931456328326,3.703706504287223,0.9085528026944409,0.8373148205255478,1,,0.05528910379827562,0.35911536285992757,0.011641671730091036,1.1248880503885497e-12,6.499579849127802,True,False
S004,6,160.0,64,19680,1.6808630860509086,3.590502977610454,0.9355988441433098,0.8725427331515802,3,,0.013423152773189754,0.27978354989077886,-0.2315385083562378,-9.840392825815484e-13,5.247687558641431,True,True
S004,7,160.0,64,19680,1.5903986508230974,3.686596218811914,0.9361657597780315,0.8949984441426803,2,,0.026636128987097104,0.3335747512114921,-0.015292312455398319,8.65580897783238e-12,8.420316019132644,True,True
S004,8,160.0,64,19680,1.6467094164581648,3.590504292456216,0.9204067111805245,0.876045383356772,1,,0.006164999196941988,0.3505734066809684,-0.5331544783835874,3.5297767682156553e-12,5.8899693700507285,True,True
S004,9,160.0,64,19680,1.8275775944072032,3.6772209492147203,0.9041687424463111,0.8159952727641423,2,,0.019765652721636055,0.3903984314613459,0.03536273277025707,3.0340167869563475e-12,9.68318193006758,True,True
S004,10,160.0,64,19680,1.6453527531797416,3.508688672047457,0.9222096709912432,0.8814849443221344,0,,0.00749424516334434,0.3640697928970804,-0.029223934601954424,1.161891357619165e-11,6.754062983898853,True,True
S004,11,160.0,64,19680,1.713658427595673,3.5839034664002725,0.9186627809675842,0.8488046080620519,4,,0.02390870495833359,0.21752360250483635,-0.12776267909220207,5.593677625079688e-17,6.0530130009086145,True,True
S004,12,160.0,64,19680,1.6777020130226004,3.547932142537892,0.926951426009293,0.8656893670248076,1,,0.01429558317588578,0.28389938596378417,0.004064671986793545,-1.9353433803798628e-12,5.633816539415106,True,True
S004,13,160.0,64,19680,1.527189768005824,3.6210783057527953,0.9379091648258973,0.9108920508394482,2,,0.012242869464128166,0.2948714860727959,-0.30462237508992884,-1.9233865856486886e-13,7.783758670021894,True,True
S004,14,160.0,64,19680,1.627199008078445,3.486851007197237,0.9489274765500628,0.8850660468972338,1,,0.0028457938619471028,0.26535711568031894,-0.0928849749093083,1.2145549796996435e-13,8.6057295212009,True,True
S005,1,160.0,64,9760,1.5230575635201764,3.519045130512632,0.6998546123759357,0.845881867640806,3,,0.8797934449313756,0.8797934449313756,0.02757723458993805,2.4681928741938066e-09,12.311577259908258,True,False
S005,2,160.0,64,9760,1.5580950610948998,3.5009496017248973,0.6888467816696062,0.8277755334969774,1,,0.8090993452808293,0.8090993452808293,0.02349240751033113,2.619208318306197e-10,28.19424848710994,True,False
S005,3,160.0,64,19680,1.5668573706502773,3.5122979002674084,0.7372740957297845,0.8582578747491973,5,,0.21059684317865643,0.27671450812377385,0.06612254386533885,-1.8382857531460691e-13,10.55930306550817,True,False
S005,4,160.0,64,19680,1.5652152402596125,3.533317241492388,0.7540408099887657,0.8432192473155687,5,,0.16587363742298017,0.23490948056271138,0.28148096609351164,7.70139501803564e-11,13.251051482563199,True,False
S005,5,160.0,64,19680,1.537342647944041,3.577348822439518,0.7496918914757632,0.8680198243197622,3,,0.25002950854843564,0.34831606609129817,-0.03842797809722892,7.019795004810743e-12,5.559982742935635,True,False
S005,6,160.0,64,19680,1.5473759223081398,3.598328279299402,0.7190328138854607,0.8526395354034546,5,,0.03319177051675171,0.7986080733588445,-0.8455468045339036,-9.352382882318012e-13,9.169993162599248,True,True
S005,7,160.0,64,19680,1.5612818278154184,3.5237599069734307,0.7141409550018726,0.8435937484469466,3,,0.17610680272357385,0.31429750089880254,0.19897306958934025,-1.6729662094342852e-11,13.047834648210944,True,False
S005,8,160.0,64,19680,1.5415627611110372,3.458071313901442,0.7596836461007126,0.8633338697362978,5,,0.4419484855382389,0.4419484855382389,0.2414647073956071,1.0037985995098879e-13,21.281824196283974,True,False
S005,9,160.0,64,19680,1.5850123469345179,3.4813738915926873,0.8240633995623243,0.8742251690385137,4,,0.05528255376163543,0.30033174206710733,0.07451295127273827,1.0792713874532236e-13,4.966708275195064,True,False
S005,10,160.0,64,19680,1.552230684167819,3.559308726450987,0.756004464127263,0.8736927321504635,5,,0.5301446275070882,0.5301446275070882,0.5462148180962503,-1.1386620578494077e-12,5.870047995423389,True,False
S005,11,160.0,64,19680,1.5765271231145606,3.4635629673113444,0.7779979497491363,0.8549862508035143,4,,0.3591213239420087,0.3591213239420087,0.32990902364773306,-1.5302359257438671e-13,9.72994224992291,True,False
S005,12,160.0,64,19680,1.558372466714983,3.539982016287793,0.8112550268043106,0.8840626595821688,3,,0.13514605140047736,0.7759532735126722,-0.602242288535534,-1.636427202986924e-13,8.604589856895611,True,False
S005,13,160.0,64,19680,1.5554119065196113,3.4946591326868925,0.8039874213203009,0.8758345737388267,2,,0.01871346132758569,0.42487165077749056,-0.412754825490819,-1.359547668045343e-11,6.9681575420133015,True,True
S005,14,160.0,64,19680,1.5627073694819895,3.5074534446177394,0.7478701030882485,0.8601901184976761,5,,0.1368382161025443,0.20367559020449355,0.0021491748398337895,-2.3192382239449282e-12,18.053517415503933,True,False
S006,1,160.0,64,9760,1.5241570287483124,3.6393123486981405,0.8643779420207174,0.8915719241320059,0,,0.7704491098889452,0.7704491098889452,0.791866117535884,1.5639761039805105e-10,18.751031478503435,True,False
S006,2,160.0,64,9760,1.5112338036677575,3.0045942334559923,0.7044396197915752,0.8103739334341091,2,,0.79856823531954,0.79856823531954,0.772362754169897,-3.20445126800702e-11,9.875422206415237,True,False
S006,3,160.0,64,19680,1.596980438637906,3.4122015331138824,0.8356369515245856,0.8761341909481242,1,,0.024713878191652487,0.26070918956816214,0.005702669067213326,5.813822205544757e-13,4.638860224101824,True,True
S006,4,160.0,64,19680,1.5382770975503663,3.3114055955590356,0.8744127531498818,0.8950291347029768,0,,0.013716069165810512,0.23038814126878904,0.03473120374631662,8.779117176492726e-13,4.8104005542796235,True,True
S006,5,160.0,64,19680,1.7103148022185153,3.526267170308328,0.8844211400427946,0.8551737398211682,1,,0.009178896268149212,0.33653751269004645,-0.007256799885289581,-1.860832899741163e-12,13.753637860432706,True,True
S006,6,160.0,64,19680,1.6119594388191238,3.4108747086903857,0.8954063970276381,0.875330385487916,1,,0.00686494791898605,0.26910775658671243,-0.01857750420082127,-9.493888159514784e-15,6.162735019425355,True,True
S006,7,160.0,64,19680,1.5531719881463202,3.4273930717509224,0.8310943981580196,0.890275045049751,2,,0.16930461419524406,0.25277276964150636,0.2917019944872483,3.9080828333906856e-13,6.79938960897934,True,False
S006,8,160.0,64,19680,1.57829208766151,3.2424051807959087,0.8455414562925694,0.8788984970357261,2,,0.019951028992028406,0.22238524020661657,-0.11480625238606275,1.2517825785704442e-13,2.3930236454473133,True,True
S006,9,160.0,64,19680,1.5564424192327555,3.4126124475647477,0.8542892476289197,0.8887715040100759,4,,0.060030835456593115,0.28700390655293906,-0.025852962230564627,-5.272522223627741e-12,5.766084248262108,True,False
S006,10,160.0,64,19680,1.6024606774997443,3.3453557661496705,0.8650987815779396,0.8805912243917471,3,,0.013085794601426354,0.2270652433549226,-0.13416870066061665,1.8283187667551493e-13,3.294620615124293,True,True
S006,11,160.0,64,19680,1.5540040554150314,3.550697468611234,0.8479058953658671,0.8953563432208376,3,,0.007299565164215024,0.25668279479556727,-0.028074312605880142,1.1976554488892513e-12,3.8278467105767646,True,True
S006,12,160.0,64,19680,1.5428807962323892,3.2812176613333044,0.8249621624872062,0.8778712727583502,2,,0.03160105577871551,0.22399480836095928,-0.3664192218890886,3.20189724594529e-13,4.1945674477837835,True,True
S006,13,160.0,64,19680,2.2777554943424647,3.639495201211841,0.890085115002717,0.610076061860832,1,,0.026682100635051956,0.27375267923888946,0.060812356727795565,1.560082998151942e-13,8.077219841390221,True,True
S006,14,160.0,64,19680,1.5679032241756568,3.36635160436028,0.8618070940977184,0.8883065646140846,4,,0.009417291831780097,0.36826447002729434,-0.7092116380290785,-9.321670842024344e-13,3.579170162833488,True,True
S007,1,160.0,64,9760,1.553636181270532,3.6215395769002314,0.7700197459227605,0.882097590330263,2,,0.8249469284019862,0.8249469284019862,0.5857336145015266,2.920857983389874e-10,9.102504456200386,True,False
S007,2,160.0,64,9760,1.5624728064726896,3.6008612671344014,0.7113848803434066,0.8416270343429392,2,,0.7954740170326116,0.7954740170326116,0.31598777345614426,-4.3962441754465106e-10,10.023211066441016,True,False
S007,3,160.0,64,20000,1.53117221911595,3.6968834963141206,0.8112942859461356,0.9024956079033873,2,,0.7383144192670266,0.7383144192670266,0.49429481481617876,-2.6697231083307414e-12,4.405398596169662,True,False
S007,4,160.0,64,20000,1.5358001999873334,3.5475577983013755,0.783472820490916,0.8907206419165823,3,,0.9303403402550847,0.9303403402550847,0.6274569449704223,1.1971656594934174e-13,6.520033560316718,True,False
S007,5,160.0,64,20000,1.5344511351504964,3.755704340357538,0.8242842167368698,0.9045504727820463,2,,0.8617595814970715,0.8617595814970715,0.8523269413591278,8.8726236835444e-13,6.416379858525934,True,False
S007,6,160.0,64,20000,1.5449110888187145,3.5231474674938985,0.7991998958461382,0.8866514288857424,8,,0.9403705674420807,0.9403705674420807,0.8695082331675524,-1.5261118784370325e-12,3.532633434702359,True,False
S007,7,160.0,64,20000,1.5405082737912732,3.5771857840948393,0.8064421214857275,0.8994112711593529,3,,0.9397839304684995,0.9397839304684995,0.740737847597492,1.3216517193300626e-13,5.632492832896669,True,False
S007,8,160.0,64,20000,1.5199347564489298,3.658900278764341,0.781125521712196,0.8907522539102993,4,,0.9132003784510281,0.9132003784510281,0.8747591574155966,5.7081197040729735e-12,4.011839002075862,True,False
S007,9,160.0,64,20000,1.5480342071400273,3.694963613623469,0.8114194986785781,0.901763682729573,4,,0.9111784189632112,0.9111784189632112,0.8542595963548132,4.357722889654673e-12,14.383628035280017,True,False
S007,10,160.0,64,20000,1.5438338376882244,3.681251201270566,0.8060482832041718,0.8853527819526508,4,,0.8690446882206762,0.8690446882206762,0.7280480236277732,1.3229059409278526e-13,5.326567698106601,True,False
S007,11,160.0,64,20000,1.5466669596359202,3.6911300292575318,0.8053224824935005,0.8995831215645818,3,,0.9005165211519519,0.9005165211519519,0.915441556709061,-8.977618809648632e-14,4.01840859275895,True,False
S007,12,160.0,64,20000,1.5463597721170603,3.628257078865567,0.7658837474340151,0.8786449070458516,6,,0.9015304161059485,0.9015304161059485,0.8297369110854066,4.275927521362185e-11,4.88045061753096,True,False
S007,13,160.0,64,20000,1.5293975969174238,3.6498468772840678,0.8098698913159541,0.8995337295564151,6,,0.8990952201682801,0.8990952201682801,0.9068495934128171,2.6586061068062448e-14,7.516777321986755,True,False
S007,14,160.0,64,20000,1.560138048404366,3.639824931124265,0.7884473476102436,0.8913693493329301,3,,0.9178110238191677,0.9178110238191677,0.714539348615878,-1.3840413809228517e-11,3.705917700637004,True,False
S008,1,160.0,64,9760,2.1463689251648104,3.6208263802075917,0.8899594523618468,0.6545675157420108,2,,0.6687823416559736,0.6687823416559736,0.6372731861256098,5.562118377425935e-10,12.044387209309301,True,False
S008,2,160.0,64,9760,1.629661956996823,3.5240966348343736,0.9120812096984553,0.8785354781875216,1,,0.449144179220029,0.449144179220029,0.6634913095975036,-1.4296472409334303e-09,13.313998270140686,True,False
S008,3,160.0,64,19680,2.358382626186473,3.567292965000282,0.9038437863331756,0.5840782618851814,4,,0.004499871614360201,0.24146049341323714,-0.007355813829326539,4.649464025274398e-14,9.351227104028368,True,True
S008,4,160.0,64,19680,1.675877573449865,3.6055786345491825,0.9056275384481852,0.8724367231050412,0,,0.03349606721023726,0.2651682170388929,-0.02014124225990109,7.73131063432166e-15,10.373697849684959,True,True
S008,5,160.0,64,19680,1.9497481170879953,3.624664652660453,0.9285923665400669,0.7529593054422028,3,,0.003550744419854596,0.283447373282972,-0.15986420933977924,7.936223304783234e-13,7.597328013446685,True,True
S008,6,160.0,64,19680,1.580069389534132,3.631059314068249,0.907154393435319,0.9025820015355636,1,,0.011361553652144477,0.29461414643696743,0.024781066559802646,5.228119754141584e-13,12.018443977797672,True,True
S008,7,160.0,64,19680,1.6240309281785956,3.678430355439416,0.8950365865515881,0.8813604825589715,3,,0.016962078629426808,0.2546682081963302,0.05131843334873718,1.0032776178439912e-12,4.5059161150483185,True,True
S008,8,160.0,64,19680,1.622996169551774,3.556068006683446,0.8960122591751187,0.8815683103393455,2,,0.011515732367224932,0.2594128483965356,0.01718260383965197,5.741008395863808e-12,5.1387694273824716,True,True
S008,9,160.0,64,19680,2.380095030786501,3.7106941540206324,0.8712984854666299,0.5803875287435121,1,,0.05238496704825394,0.30618674355426323,-0.06562779561911627,-9.026708547551664e-13,7.865483573605587,True,False
S008,10,160.0,64,19680,2.3786536382295993,3.63325519597633,0.9096301855357399,0.5782516990603341,3,,0.03466323976581209,0.28606381255993724,0.08733084934473076,8.474257765329262e-14,8.32909089022153,True,True
S008,11,160.0,64,19680,2.418524203908066,3.7337853594304002,0.8918927234277646,0.5693568564041329,6,,0.00902508245381325,0.24799263649320555,-0.008516527912025305,-6.77869866205379e-14,4.324145071072252,True,True
S008,12,160.0,64,19680,2.3274739299103424,3.629493875176161,0.8908634386693096,0.5901535336414931,3,,0.06390405442982884,0.29218074397663235,0.058951822964089545,-3.342794521351095e-12,5.822664108092897,True,False
S008,13,160.0,64,19680,1.5772540643187893,3.8224174147882337,0.8721107017721696,0.8944357271879069,1,,0.014132520540648525,0.2900870342488215,-0.011297037721745298,-1.052930563093722e-12,9.197992066305849,True,True
S008,14,160.0,64,19680,1.610358207698277,3.6257404827878577,0.9098452620477815,0.89906517690578,3,,0.0535518001035156,0.2743422737160855,0.07889644129079923,1.4255619011480773e-13,7.130000182555894,True,False
S009,1,160.0,64,9760,1.5917698293490785,3.7385522251676875,0.7942606913433128,0.8890637748903438,2,,0.7975741221631157,0.7975741221631157,0.8204743292412608,-2.8033018111969e-09,17.069835172843902,True,False
S009,2,160.0,64,9760,1.5647778451598024,3.6259493587727456,0.7856396049519795,0.8777233457530476,2,,0.8020834057636185,0.8020834057636185,0.737251627574639,1.6823115958179993e-08,14.072561353743929,True,False
S009,3,160.0,64,19680,1.5164164510913156,3.7744398426367365,0.7613238288881738,0.883780168523254,5,,0.03365870440988464,0.22709607330049092,0.03801462859057768,4.8220080643577554e-14,5.359018036375791,True,True
S009,4,160.0,64,19680,1.5588252693007183,3.7088951837622695,0.8335458885976725,0.8952753523454622,1,,0.02104886825192337,0.2695134324040193,0.09081998320173812,4.419083966659516e-14,4.220098592454632,True,True
S009,5,160.0,64,19680,1.5040150882868255,3.945195741597115,0.7812718729064374,0.8931171298419769,1,,0.04094415923976947,0.2079957164392778,-0.025163447471008932,4.0161472190030453e-13,5.437157437916537,True,True
S009,6,160.0,64,19680,1.5444670214281782,3.7042604861334256,0.7926601793037873,0.892760997126322,5,,0.04214629498423534,0.18642127803067468,0.02825837658424876,-2.0737729608971858e-13,5.244705702185159,True,True
S009,7,160.0,64,19680,1.545623636091034,3.77098391098294,0.7843237497934092,0.8888848656682479,3,,0.014107946516174329,0.24338846847441672,-0.0021533437460054695,-3.582357773723423e-14,2.9941003504313213,True,True
S009,8,160.0,64,19680,1.5223571779125122,3.669439184093468,0.8403121647006753,0.910139956268151,1,,0.020359715770815877,0.27851821496086565,0.022392085210473985,3.741833085682364e-12,7.10107756067838,True,True
S009,9,160.0,64,19680,1.5976887375810396,3.8361874065598,0.8291257766321067,0.8769639215539055,2,,0.014784280437689425,0.2625371204841983,-0.007795770872115391,1.8877802206603144e-12,5.046233128199262,True,True
S009,10,160.0,64,19680,1.5450273314832532,3.5800777890302413,0.8835870091262585,0.9058565786117612,7,,0.10499607157630522,0.2623120347357007,-0.04423068294001553,-1.501491649371509e-12,6.374770919769224,True,False
S009,11,160.0,64,19680,1.5296800823382606,3.6973908704179035,0.8290197460578292,0.8996455536738353,2,,0.06201452572205954,0.36568041961077835,0.18082654528170464,-1.2253167964493776e-13,3.888869692794084,True,False
S009,12,160.0,64,19680,1.5508542557353717,3.685922691836442,0.8680183895698539,0.909631038065373,3,,0.026669671676342176,0.2881644604562454,0.031035789288456322,-6.297068869145603e-14,6.613168266411368,True,True
S009,13,160.0,64,19680,1.6012831544735047,3.7973445618823325,0.8095113435215857,0.8806302514009752,2,,0.03201751604061488,0.26552941086822496,0.07087138021633771,-2.4867207669445255e-13,5.323046382293817,True,True
S009,14,160.0,64,19680,1.541129153007282,3.7777638445150936,0.8208708969264397,0.8938323541259475,4,,0.01210887846982992,0.2557745573233467,-0.0041840965605758566,-4.598866211946196e-13,6.550986739955877,True,True
S010,1,160.0,64,9760,1.6318402061380128,3.568024372519335,0.8922632652720948,0.8752943261746612,1,,0.8782723837176746,0.8782723837176746,0.8446481512802133,-1.09373797089536e-08,32.4641302431819,True,False
S010,2,160.0,64,9760,1.5769933334628556,3.615323534097186,0.9564535940930365,0.9022580039832664,1,,0.748673371115754,0.748673371115754,0.43905929783933784,-4.586579699322871e-09,8.432111295326878,True,False
S010,3,160.0,64,19680,1.637691918703262,3.502659602085904,0.9322873795491493,0.88459451520679,2,,0.033331439002700164,0.2761230350486032,0.07209674494635843,2.7885251186035907e-13,5.542869086698237,True,True
S010,4,160.0,64,19680,1.6326158184404647,3.6929472596185557,0.9597056086466831,0.8920068673567021,5,,0.02549718073927692,0.28712502149977215,-0.2596974705558033,2.5587256461754778e-12,13.481861562941496,True,True
S010,5,160.0,64,19680,1.6539951203941663,3.6733540936412306,0.9547871157030514,0.876180805049734,2,,0.021904217351840775,0.27005761309062726,0.03834805969007825,2.7158427287057097e-13,9.79405683752133,True,True
S010,6,160.0,64,19680,1.6168428271961397,3.571725242617029,0.973127691675854,0.8974999769035082,4,,0.030123897391232793,0.310712210235326,0.029225002424973764,1.1031315225846124e-13,11.451344328077903,True,True
S010,7,160.0,64,19680,1.519620578974438,3.5417681449026492,0.9629075481661412,0.9105417391834154,1,,0.025658350359287506,0.2624954185295437,0.11443872521827468,4.60271088170896e-13,5.498611821041846,True,True
S010,8,160.0,64,19680,1.5417751286297472,3.4846884103408886,0.9389765739940903,0.9068659832745407,1,,0.02179029198021941,0.3263536781396261,0.032355099954603894,2.8453658861675524e-13,11.960011709202085,True,True
S010,9,160.0,64,19680,1.6066782570613483,3.5414631110226003,0.9669292519268962,0.8980110051065655,1,,0.0019372062929271707,0.2676144919725013,-0.06094083494286168,3.323029566136206e-12,7.6915472813826655,True,True
S010,10,160.0,64,19680,1.5256761323385306,3.5874187476122836,0.9598010097469281,0.9031234328844993,2,,0.013479762901955964,0.31570103032525415,-0.08316911522299415,-8.106329102525903e-13,11.323046294823829,True,True
S010,11,160.0,64,19680,1.5882784539325505,3.545349074318625,0.9359131948333241,0.9073948797462648,2,,0.009820957135013433,0.25287054649593504,0.00971680618262346,2.374129083443431e-13,8.145752319365856,True,True
S010,12,160.0,64,19680,1.5307583031152696,3.615507128152168,0.9294111965082834,0.9162628093232874,2,,0.028850469143598532,0.2432930835515399,0.06510024170787368,4.91652107462094e-13,7.155269909589192,True,True
S010,13,160.0,64,19680,1.5754597710590614,3.5661541905093284,0.9564661450137639,0.9027181287731301,3,,0.10385782657299908,0.3469657403228416,0.08876903425702984,-1.4888183502739129e-12,5.995624070538992,True,False
S010,14,160.0,64,19680,1.5890497439807363,3.580690822558058,0.9252095998977414,0.8972801558021436,3,,0.034954018679631,0.24309119908794372,0.029274120711285934,-1.1905988889261865e-13,8.184202604221548,True,True
S011,1,160.0,64,9760,1.6166455647289513,3.2847129805752435,0.9283800985181212,0.8707971041463036,1,,0.767415046584217,0.767415046584217,0.7091070719480516,-5.8294414416839634e-09,17.45710776300607,True,False
S011,2,160.0,64,9760,1.5995345290180263,3.3145404209322025,0.9076040645819503,0.8752502943121623,0,,0.8158280704343107,0.8158280704343107,0.7555514334887343,5.910658259610314e-10,6.91352305802953,True,False
S011,3,160.0,64,19680,1.6121103740607223,3.256021677842794,0.9139199487265721,0.8767029409770823,3,,0.01740837793221897,0.24741790050754353,0.01400586950549182,-7.565459629400268e-13,5.249346355724151,True,True
S011,4,160.0,64,19680,2.217386570559685,3.3674025031478596,0.9526977090390909,0.6278545910794887,3,,0.019012228721152512,0.271880559335972,-0.3524358952839019,2.2832535888413827e-11,7.253943225615711,True,True
S011,5,160.0,64,19680,1.6431134956897784,3.378258057312901,0.930946934948504,0.8700937561799409,1,,0.014542838019354305,0.23939969876895392,-0.02744849488582101,-3.0257462812359645e-13,4.778219481627668,True,True
S011,6,160.0,64,19680,1.5691920227277,3.234819110792661,0.8998839226963781,0.8864251335915724,2,,0.035958862615927595,0.22888413460234347,0.04456933778395266,1.3776897385021977e-13,3.8660135876134887,True,True
S011,7,160.0,64,19680,1.64641954744958,3.33628324349712,0.911630919155795,0.8641798405664758,5,,0.02259653351480337,0.2873997311803014,-0.06139241722947718,-2.0876280188145636e-12,4.384183281213256,True,True
S011,8,160.0,64,19680,1.6127605643030134,3.2871395815126174,0.8855828650158621,0.865984999195003,4,,0.12075962930774367,0.2165126679375903,0.08603811102677061,-9.912353681017703e-14,6.858279979476842,True,False
S011,9,160.0,64,19680,1.594936933381875,3.312258325040161,0.9321276406460428,0.8884639739657941,1,,0.026283969164228184,0.2916406843939357,-0.023893229684367245,3.88036749585172e-13,7.029981175239379,True,True
S011,10,160.0,64,19680,1.5929108684254563,3.325733235855064,0.8919913317556281,0.8825493095564823,6,,0.052454111739148726,0.24668090916854601,-0.03854805812424234,-3.1883896611903265e-13,4.66880087299385,True,False
S011,11,160.0,64,19680,1.5850702492327107,3.295067996180193,0.8832902115178665,0.8881629065427128,4,,0.007509042755575776,0.2675909742895736,-0.04101636765126629,1.690344334745993e-13,4.9633359028558,True,True
S011,12,160.0,64,19680,1.5446955327323577,3.3589928768423247,0.8940277017697491,0.8961763953470425,1,,0.01941363945528232,0.2929629231003254,-0.17739925205003948,-7.961120762912232e-14,6.016959465349839,True,True
S011,13,160.0,64,19680,1.5825274828647153,3.3588128088634095,0.9253548134934464,0.8945515522648715,2,,0.009727459600499384,0.24844093444769486,-0.03781798824845527,-5.410627230131968e-14,3.7479682182090595,True,True
S011,14,160.0,64,19680,1.5713328906737538,3.2980535975859864,0.9047282462810708,0.8873811948271737,3,,0.0036120492488625365,0.26038811215970015,-0.12478630761989398,7.209365437087408e-15,2.9607197727864936,True,True
S012,1,160.0,64,9760,1.6009666428863984,3.332145524289753,0.8683535935792077,0.8756730808514803,2,,0.7580987569053022,0.7580987569053022,0.6227546035017297,3.296854707779993e-09,13.788773716952543,True,False
S012,2,160.0,64,9760,1.5704023171558694,3.2431272921075776,0.8342067240250147,0.885834032287723,2,,0.8658745253320231,0.8658745253320231,0.5726586977875174,-3.789857782272095e-08,16.1140968337161,True,False
S012,3,160.0,64,19680,2.374656449514032,3.7467235334155684,0.8979326512459962,0.5787349757040134,5,,0.0022402392118261987,0.24550167434854536,-0.11980430736810388,1.4687545690226796e-13,3.7470953157190627,True,True
S012,4,160.0,64,19680,2.1472610037236697,3.6441368232553866,0.8836598574079713,0.6608261741912319,2,,0.02141434165761967,0.21446127779011348,-0.06087152819628937,1.0477534102159197e-12,4.067929463606284,True,True
S012,5,160.0,64,19680,2.3793356689891927,3.780612328270434,0.9315389471468052,0.576666223139402,6,,0.004365741053201085,0.2794522754247779,-0.054526137058908575,6.356685914630328e-12,5.527471287457008,True,True
S012,6,160.0,64,19680,1.644323225045427,3.7982200301951927,0.8681525901069345,0.8838392165578363,2,,0.0195257982651002,0.23271758685668334,-0.10804005104130937,4.954597773363339e-14,5.130734475095677,True,True
S012,7,160.0,64,19680,2.554266767981261,3.8141293372381546,0.9168801194114244,0.5408222918473604,10,1.5833227003346595,0.006409577809032455,0.2540717109104607,-0.01746779474654475,1.623415331813537e-12,3.5804429265950337,True,True
S012,8,160.0,64,19680,1.892560839197858,3.7468649645569294,0.8655616160366629,0.7827638971124642,1,,0.09979079412800748,0.2304757845230159,0.1783220549507379,1.6760466702046454e-12,3.7427822511983995,True,False
S012,9,160.0,64,19680,2.3016130777353543,3.751890643432584,0.9038631448796288,0.610447097937804,2,,0.012431865450522094,0.24932488073446787,-0.009380098726255552,-3.7140306071071995e-13,5.1982508892414145,True,True
S012,10,160.0,64,19680,1.6291068088997829,3.6473759670546597,0.8937583185963315,0.884559157733326,1,,0.005835616933602935,0.23683063203614838,-0.02849786480641689,2.303663414851094e-15,5.3959412018430895,True,True
S012,11,160.0,64,19680,2.573741701096364,3.795400584448653,0.9247954812637267,0.5340628926453763,8,,0.04471370197590528,0.23111547387909925,0.05984137602599546,7.665700951004404e-13,3.6656743834670626,True,True
S012,12,160.0,64,19680,2.5836924381587005,3.6309720308741893,0.9137325824243141,0.5320118579485413,3,,0.05092346169222662,0.2116901393603096,-0.0253597554229279,1.175644654824493e-13,9.001915212377083,True,False
S012,13,160.0,64,19680,2.0689302743065943,3.680227249643224,0.921933175430639,0.7019560025088754,2,,0.0037929125758315594,0.24241096352210262,-0.02826853728280075,2.9025475836235556e-12,4.611793569669595,True,True
S012,14,160.0,64,19680,1.9475761260570041,3.806336375684679,0.8964655524480493,0.7618663207970819,3,,0.01690751973128747,0.25165055896829047,-0.005810005881673554,-1.7221548919371114e-13,5.860014759840997,True,True
S013,1,160.0,64,9760,2.2229573981451693,3.842890908986723,0.9372617482595191,0.6286624122286444,0,,0.7653377862945107,0.7653377862945107,0.6934080197383112,-1.1769718113761349e-08,15.31021111383755,True,False
S013,2,160.0,64,9760,1.4896155843594423,3.6956585277407785,0.7670225189667401,0.8897450586687112,4,,0.8165416008103119,0.8165416008103119,0.7796725219976021,6.911329433465935e-10,13.799751880941798,True,False
S013,3,160.0,64,19680,1.602711584551895,3.642916204159496,0.9201231042630371,0.8902871406998124,1,,0.0465028688192122,0.33508088723379603,0.07739007782663038,2.6747749088019976e-13,6.409058101966893,True,True
S013,4,160.0,64,19680,2.2441464595553064,3.7293257129507236,0.9423699770055325,0.6245899706674503,4,,0.029530171238610545,0.25455376345841024,-0.04839760062990158,-1.9797406781177098e-12,5.5886026184332165,True,True
S013,5,160.0,64,19680,1.967544147690217,3.631166159508802,0.9675605688160731,0.7489971301568972,1,,0.008073101851404996,0.22793178299319042,-0.06226669970993878,-3.3618776315017626e-13,3.495768062847342,True,True
S013,6,160.0,64,19680,1.6627690805455897,3.584860328654392,0.9633373614647263,0.8086422248382572,3,,0.014494762486274468,0.2604039257012862,-0.026610141297390262,-2.863523599296918e-14,8.42591482612098,True,True
S013,7,160.0,64,19680,2.3638445239691523,3.747767046687178,0.9850468480960546,0.5840333495577483,7,,0.617652590483652,0.617652590483652,0.6239712670642978,-1.4144280734100718e-13,6.760956394183408,True,False
S013,8,160.0,64,19680,2.326840164958366,3.6809839187909823,0.9422351937796883,0.5918847500174667,3,,0.03458864413426664,0.3022101169939843,0.02682110744636447,6.197050017919444e-12,4.324172790116142,True,True
S013,9,160.0,64,19680,1.6526821847499513,3.7794720051173796,0.9427988844709467,0.8864999734851108,2,,0.008712125442345054,0.21777418322053219,-0.04286064628975009,5.776920829998357e-13,2.011207843371438,True,True
S013,10,160.0,64,19680,2.292996654082698,3.70769734549474,0.9626857747178496,0.5935784236145496,6,,0.016576041919726774,0.309799142276717,-0.010617997636550455,4.330704185365638e-13,5.401639566673387,True,True
S013,11,160.0,64,19680,2.6269580598255695,3.742045133746932,0.976838979979796,0.52948306973544,7,,0.02189368454535814,0.3000118007382699,-4.101454889456069e-05,8.98679225993646e-13,3.32262430055253,True,True
S013,12,160.0,64,19680,2.4337718293295696,3.7579636408117754,0.970690848171357,0.5642020425283721,9,,0.006775291259605923,0.2958928016987706,-0.09198306860528682,4.684659705804054e-13,3.5639117322774547,True,True
S013,13,160.0,64,19680,2.455337267485884,3.703679356506886,0.9528149713556527,0.5566997181584108,8,,0.05551911156385161,0.30988007774847665,0.06294621996962008,8.469343011096996e-12,4.749162490920387,True,False
S013,14,160.0,64,19680,2.3853804068950417,3.619628396503724,0.9421328286701574,0.576288348373138,9,,0.033080985412935415,0.26859603478552285,0.057241219465330825,2.7154017625689934e-12,4.198148579216128,True,True
S014,1,160.0,64,9600,1.5716921648085673,3.3732277464306555,0.877675857331789,0.853727760728445,2,,0.054034367716714424,0.37535676334849005,0.1420979590824678,8.926673863979885e-10,32.24425808417285,True,False
S014,2,160.0,64,9760,1.503222959345725,3.501569042961795,0.7697531096064516,0.8888634523480898,3,,0.6103833398371762,0.6103833398371762,0.35485795819773336,-4.104962183165478e-08,12.082986276662487,True,False
S014,3,160.0,64,19680,1.5742381455506937,3.3751295979543157,0.8061639117855974,0.869675691211995,3,,0.01695711187244691,0.2558781137406631,0.013050835098425348,1.474341638555387e-14,7.06603826574863,True,True
S014,4,160.0,64,19680,1.5482261164575728,3.367331696311518,0.7789608089971752,0.8691529949727927,3,,0.016405236740887855,0.2145504289137973,-0.07711001212490813,1.6254255928548097e-13,5.500353801168112,True,True
S014,5,160.0,64,19680,1.5314155874026694,3.500936075314675,0.7643709984168146,0.875791753403537,3,,0.006860830906490586,0.2947352385366397,-0.06796171153820528,-9.188594935802397e-14,13.192378831826574,True,True
S014,6,160.0,64,19680,1.530618652036757,3.4744006970469794,0.8151849460481233,0.8874200775632646,4,,0.0562853542437316,0.26705922725547104,-0.09623989978729078,-8.192211557925154e-13,8.49345164532856,True,False
S014,7,160.0,64,19680,1.5325144202985361,3.372569474910124,0.8069102273834463,0.8791045772465809,2,,0.043176299949426365,0.30257461568521576,0.023252244454228896,3.3054273437268695e-14,3.497472577544063,True,True
S014,8,160.0,64,19680,1.5723841274521497,3.4909111969162225,0.84548224201015,0.8730436972012445,1,,0.0059098286298898085,0.2940619072643198,-0.030451191646375338,3.4510003692694195e-15,2.895030515993854,True,True
S014,9,160.0,64,19680,1.5582387350556002,3.626202967965257,0.8005908800414112,0.8860095926896875,5,,0.05488578584967752,0.25492731385374134,0.03471036417014878,4.879958009421326e-12,4.676530833748652,True,False
S014,10,160.0,64,19680,1.5921180674554363,3.550155275840398,0.883967058930865,0.8957860862406772,3,,0.017038859522312867,0.28585262113842336,-0.03687118576546688,3.912314948812472e-12,6.727120442132646,True,True
S014,11,160.0,64,19680,1.5786560032754988,3.5583545250692303,0.8437581487921686,0.8607871265795551,3,,0.019552556887950892,0.3015252935715566,-0.17267089619145282,-1.95761787041548e-14,5.117281808651061,True,True
S014,12,160.0,64,19680,1.5691866191675066,3.4411745370999998,0.8638953292360514,0.8754742051397817,3,,0.012827070689893768,0.23842007696113807,-0.07634867876684934,-1.0988752974809647e-14,4.106326470944923,True,True
S014,13,160.0,64,19680,1.5827787256508579,3.68037038026958,0.861358119138355,0.8940895479451134,1,,0.007491539974040446,0.31568396125502346,-0.016384313728406347,5.632318317534014e-15,4.327742759754744,True,True
S014,14,160.0,64,19680,1.577762194373518,3.4906270906870454,0.8749524455385724,0.891339380135224,3,,0.039978935426682835,0.2705737087579388,0.037298672499507156,-1.499184812310052e-14,3.377263960460348,True,True
S015,1,160.0,64,9760,1.5241266558599487,3.71955939373475,0.7651628683014098,0.8700187476342578,3,,0.7926312566217697,0.7926312566217697,0.8680245480344515,9.466106879248435e-09,10.521956121337425,True,False
S015,2,160.0,64,9760,1.5355815369470638,3.6345587465356175,0.7472082289148145,0.8714487991481903,3,,0.6710258020747987,0.6710258020747987,0.5697325820799137,1.0085621473100624e-09,7.2816017878318675,True,False
S015,3,160.0,64,19680,1.586131174925958,3.6270692839325616,0.8690579954627475,0.8586315857291722,2,,-0.001086088989561453,0.24643850502352402,-0.042473097359018636,5.840857571740894e-13,7.378320345113366,True,True
S015,4,160.0,64,19680,1.5856057822229694,3.713098109256249,0.8661828809857008,0.851845291983226,3,,0.01467696193833876,0.23952365947623258,0.07532831270757816,9.590835595660039e-14,4.8336864386955565,True,True
S015,5,160.0,64,19680,1.627515012205299,3.6921372944066615,0.8965800149780935,0.8604441114468893,1,,0.07233354074921873,0.22451150116788537,-0.018232914562378112,-1.6689085186455902e-14,5.230289525087055,True,False
S015,6,160.0,64,19680,1.586733281904128,3.8072497305974666,0.9101397015450597,0.9044741233083828,4,,0.042326680309948995,0.2827151488268614,0.026483673137941116,-1.862563885183908e-15,3.24656051253334,True,True
S015,7,160.0,64,19680,1.631150151688868,3.6527676528789077,0.8793896912997676,0.8698284828763856,1,,0.023925632262412306,0.2643639976296211,-0.05048169025649982,-1.160899109531131e-13,4.501293691419404,True,True
S015,8,160.0,64,19680,1.4986799799089505,3.54201625805009,0.8735970580380406,0.9099846639081564,0,,0.03392345097568285,0.3045178131083188,-0.03777413545625882,-2.605129384932844e-13,3.8105281285411423,True,True
S015,9,160.0,64,19680,1.5304608317163833,3.672691056888254,0.9068413748160036,0.8760064107816632,2,,0.039879531998751376,0.24730112144882374,0.06818733905829336,-3.2168675389865597e-13,3.9694374556617835,True,True
S015,10,160.0,64,19680,1.9055139218119301,3.659964294903274,0.9038475671819788,0.7658507554455412,1,,0.014123191407409067,0.3194435456030427,-0.11485061982185771,1.3711494622067319e-13,5.267617155020748,True,True
S015,11,160.0,64,19680,1.6055076555087833,3.743757325574312,0.8996873183361123,0.9027411372495869,5,,0.019349471642329637,0.23255880845240934,0.0353628529637273,6.96134678035383e-13,2.9514776568635215,True,True
S015,12,160.0,64,19680,2.2887591747473874,3.6678177551179303,0.951330547127,0.6044581065281818,3,,0.007148999166169502,0.2246624011006574,-0.12626743319377307,1.8134574075853582e-13,4.87057355492809,True,True
S015,13,160.0,64,19680,2.2266097208267257,3.71292191227334,0.9322850605606395,0.6292949808838882,4,,0.02495788823594061,0.3117286716676884,-0.01179998712099288,6.169074898124962e-14,8.326408266645732,True,True
S015,14,160.0,64,19680,1.6019429382120713,3.68810429648768,0.8630900742337368,0.8812695660510647,3,,0.001496727725750325,0.29313897536443223,-0.03722253436500322,1.3373199199966231e-12,5.177222862160092,True,True
S016,1,160.0,64,9760,2.5736341568342205,3.4240700178382917,0.9118590308326606,0.525553868181694,6,,0.7788442238884006,0.7788442238884006,0.5614961665084234,-1.6708582743248442e-08,9.023710412662341,True,False
S016,2,160.0,64,9760,1.5945814141308825,2.925974959105713,0.8604731681530046,0.8585526097585369,2,,0.5965409381478174,0.6323669719869414,0.5183600926508953,-3.477598061298646e-08,7.237897486660467,True,False
S016,3,160.0,64,19680,1.6235240324690876,3.7836385032626723,0.8909092049568157,0.8856224665501566,1,,0.017632183542547995,0.27720128152139945,-0.004836293588958568,1.1658676540357474e-12,3.363811712390206,True,True
S016,4,160.0,64,19680,1.6417486071662837,3.631332750387929,0.8786324620235564,0.8765502547746473,4,,0.028704669161843808,0.2113181974019182,0.09848036309969617,-1.0606547566422922e-15,3.477889011595911,True,True
S016,5,160.0,64,19680,1.6027275891047439,3.753757557511537,0.8978614563479397,0.8932031613001172,1,,0.026035148572661492,0.24378431479025336,-0.003868571123479228,-2.6193597959385915e-13,5.038773484618507,True,True
S016,6,160.0,64,19680,1.61308166239517,3.6331052712762393,0.8908235144972632,0.8904226692337519,1,,0.010726295162293164,0.29718520886487326,0.06903303831158598,1.3621130917753237e-12,4.99813481809014,True,True
S016,7,160.0,64,19680,2.4952323392960016,3.8133785122782498,0.8967311474955174,0.5489443655453505,6,,0.008597155425955377,0.254639901093729,-0.012009960840961753,3.4029347769766525e-15,2.4792870737725496,True,True
S016,8,160.0,64,19680,1.5714966415781217,3.677644304154394,0.8812399787309371,0.8974140614588298,1,,0.017923253551060184,0.229608916297075,-0.2950706286860917,7.047233188605713e-14,5.899471786704605,True,True
S016,9,160.0,64,19680,1.7666671766888118,3.788248362034161,0.8928770322135491,0.8498371968429329,1,,0.011147230769540564,0.2254036459150233,-0.05256724956339086,6.257908400693772e-15,3.998337358617719,True,True
S016,10,160.0,64,19680,1.5913033145053883,3.621923311040277,0.901452889035383,0.8997118085296982,1,,0.007795476476892704,0.25541597920177656,-0.0661560751612775,5.070744657460324e-12,6.271131738549124,True,True
S016,11,160.0,64,19680,1.5979660300361673,3.7741949864476343,0.8815906388178865,0.903530629146287,1,,0.026533955738859364,0.23808688139819897,-0.041483186415347234,-3.433498807563372e-14,3.3607465285487796,True,True
S016,12,160.0,64,19680,1.999955019843946,3.582373135503076,0.9098029329885637,0.7365454681978676,2,,0.02708367216416882,0.30990004464716464,-0.03069472557272268,-7.237618125938333e-12,3.533701958262483,True,True
S016,13,160.0,64,19680,1.9254831486358386,3.78165105927547,0.8536261203951722,0.766669148721973,2,,0.03744965904258876,0.2613489861599664,0.039217692694874406,-1.1867284692635867e-13,5.414248727156241,True,True
S016,14,160.0,64,19680,1.5514067389829491,3.616910721561508,0.8810074038718942,0.9031876833376904,2,,0.04043098854594464,0.2595134152750426,0.03992751310442899,9.553134512619634e-14,7.761062106107805,True,True
S017,1,160.0,64,9760,1.5489646985557002,3.6688541949535565,0.8065717218328174,0.8972279761878317,2,,0.5573153656285914,0.5573153656285914,0.5488349834387927,-2.0766675934700134e-07,42.69332604069988,True,False
S017,2,160.0,64,9760,1.5824603437373044,3.5572805543232695,0.7917699335237383,0.8732827117410691,3,,0.6921181667859728,0.6921181667859728,0.7261582014170015,-3.0013748207352514e-09,10.712072040863546,True,False
S017,3,160.0,64,19680,1.5577893216910952,3.614203100718469,0.8477087520539525,0.9001126393149906,2,,0.003533270184217629,0.3513030228633568,-0.06451385749199577,1.3808968728763252e-11,11.053238033707366,True,True
S017,4,160.0,64,19680,1.588013222245979,3.676087800921306,0.848442049940503,0.8898808104386164,3,,0.029713771815660407,0.24117851025856213,0.06367012123402094,4.327314313667736e-13,11.899373650525765,True,True
S017,5,160.0,64,19680,1.5571469393088884,3.7477420347372945,0.8623700458774197,0.9094515893264807,2,,0.04978326964374356,0.3351816248973822,0.05010649092344743,-8.420544515372556e-13,5.5909729471027525,True,True
S017,6,160.0,64,19680,1.6390929403126273,3.7586669932058863,0.8689391180997819,0.8666218766501637,1,,0.009319338493151058,0.31021683595751237,-0.04050793509462247,5.165273131319442e-13,7.916556928483536,True,True
S017,7,160.0,64,19680,1.603373273490091,3.843064328167336,0.8108817393612637,0.881414408764231,3,,0.030320593772208682,0.20476939746813536,0.06293436966445609,-4.953051993835257e-13,7.286174969710361,True,True
S017,8,160.0,64,19680,1.5381041837413343,3.771887243510575,0.872404790742816,0.9090245383527751,1,,0.022283844556343878,0.24140448045499333,-0.1863405483909158,1.4829600510669077e-11,5.982047874561374,True,True
S017,9,160.0,64,19680,1.5453221154298173,3.7449919993437435,0.8483066497926297,0.8950407461907184,6,,0.007463643127951647,0.293903737793018,-0.008583758919618434,-1.5266453618985877e-14,10.051921863386971,True,True
S017,10,160.0,64,19680,1.589493307742604,3.8215082322354514,0.8591268656612636,0.885948846355944,3,,0.025855597917605486,0.15833197368507743,-0.0852789571180789,6.171729624339513e-14,5.376981841077348,True,True
S017,11,160.0,64,19680,1.6124888425324873,3.8287793233950547,0.8408342792045305,0.8815925432268534,2,,0.019775372116962214,0.24072341275193165,0.02115057568606827,-5.496605820352856e-13,4.629108644927213,True,True
S017,12,160.0,64,19680,1.5901427054278807,3.75649604887444,0.8455393581964536,0.8927160765493596,5,,0.03162290210500372,0.284835613583034,-0.3027938885136009,8.337127762610135e-13,5.230601668677059,True,True
S017,13,160.0,64,19680,1.6073593983561125,3.7585611428737282,0.8601344973478988,0.8924501318775945,1,,0.04092718283154312,0.28135894509239207,0.02423488605052665,4.152678566668586e-12,5.401850579238514,True,True
S017,14,160.0,64,19680,1.5309677820617393,3.75266854963452,0.8503754372962328,0.8952743199522623,1,,0.013022873152252966,0.29495268678198333,-0.026547645079036467,3.938595978748094e-16,11.877453198928334,True,True
S018,1,160.0,64,9760,2.924627041788435,3.788533747017779,0.8994681510631208,0.4991530808088702,1,,0.6802398096513256,0.6802398096513256,0.6266730579294106,1.984332756622236e-09,8.804841223358418,True,False
S018,2,160.0,64,9760,1.510066568145883,3.370953549577418,0.8934352082401411,0.9005647729672118,2,,0.7260461750834866,0.7260461750834866,0.813968362103865,1.2158774422369994e-09,7.687542052633328,True,False
S018,3,160.0,64,19680,1.6152658571096177,3.5769448727496593,0.8811887574147221,0.8929328061336302,2,,0.004063386796211813,0.323515375393853,-0.08004884860029203,4.344021887926079e-13,4.641236643812062,True,True
S018,4,160.0,64,19680,1.8148909677734903,3.2228492165723868,0.8920339218745263,0.8054682427008848,2,,0.05334507692263728,0.24846989029412211,-0.06591860037553954,-4.639036035126795e-12,3.002453311387961,True,False
S018,5,160.0,64,19680,1.778276773850842,3.396212897672789,0.9215125351489211,0.8305182612720368,2,,0.059362544649642614,0.2200105481005588,0.018584801384907583,-3.350852090333566e-14,2.688509847432235,True,False
S018,6,160.0,64,19680,2.0193112134505116,3.2203531690905294,0.936357346520434,0.7108984111516868,1,,0.03968369195964975,0.27552960690008294,0.09264507047391367,9.510204306409308e-14,5.83322929093587,True,True
S018,7,160.0,64,19680,1.5494528658243711,3.4005723567347093,0.9186818703150756,0.8989278864321709,1,,0.02312704108063921,0.27167401094276905,0.004189344526314129,2.628322487678985e-13,7.640426007364946,True,True
S018,8,160.0,64,19680,1.8228697159570832,3.369061658931025,0.9141076170512119,0.8125556274117414,1,,0.022594675408289796,0.27673739025529803,-0.06443661314836,2.867562709431203e-14,3.1846661606899027,True,True
S018,9,160.0,64,19680,1.5411235594543569,3.394450094129159,0.9265040546554477,0.8935544945839979,1,,0.011429589944045922,0.29365556272941623,-0.07115465577451219,1.475994617548895e-11,7.180367014783488,True,True
S018,10,160.0,64,19680,1.6300602792963452,3.3138694910680058,0.9160419069400085,0.8786689992369601,1,,4.636686669414535e-05,0.23375239766404188,-0.19595906518839876,7.310438749353983e-13,3.657165993167746,True,True
S018,11,160.0,64,19680,1.657204130089698,3.399742288538472,0.9120999972830871,0.8687586908352705,1,,0.04167089619099651,0.2954213954845239,-0.045310148180020965,5.602971412674563e-13,5.6215011887008535,True,True
S018,12,160.0,64,19680,1.7983758769558291,3.3965376756818335,0.8911694608155827,0.8087000923528044,3,,0.023299269432284254,0.25083485988934845,-0.06492000679262962,-3.626243146576068e-14,4.233817122648167,True,True
S018,13,160.0,64,19680,1.6098969000417238,3.431290200525403,0.9303884930001124,0.8900269258276462,2,,0.018794885184077906,0.260945519902372,0.011467791648856973,-4.2955835759555926e-15,3.091984375325584,True,True
S018,14,160.0,64,19680,1.543982051241695,3.345425428956873,0.8838056279683861,0.8862987500668518,3,,0.03759756227573366,0.2912228250589459,-0.026943420485367776,-1.1855285102441856e-12,5.686511194171402,True,True
S019,1,160.0,64,9760,1.8722438799174663,3.5628435799163105,0.9298648821726014,0.7785492399369107,2,,0.6999586861489088,0.6999586861489088,0.6170904116076118,4.274085737905261e-09,24.378719257001013,True,False
S019,2,160.0,64,9760,1.4906446857397722,3.503863999295188,0.7556139782923805,0.8835421236623684,3,,0.8664425483333927,0.8664425483333927,0.7612629257684496,1.4598626965774225e-08,9.73978467793991,True,False
S019,3,160.0,64,19680,1.6522242145554658,3.5043843785730484,0.9096926485495117,0.8654729196327995,5,,0.018549432329634824,0.24787138618177437,0.043367962292408885,-1.2427299459930677e-12,5.898065011061032,True,True
S019,4,160.0,64,19680,1.632914873859265,3.416248494368731,0.9016806895931371,0.8400526686235513,3,,0.010562362288039785,0.34040335057792537,-0.05831009394654524,1.0665958050163447e-12,3.6907565130825164,True,True
S019,5,160.0,64,19680,2.0766683124729832,3.7031664343854205,0.976012697348436,0.7059403548583372,2,,0.01041887339631006,0.259795073474663,-0.11315306300632444,3.1346709084281846e-12,4.141616056214684,True,True
S019,6,160.0,64,19680,1.6995201781425942,3.6011746215673472,1.0038779430342706,0.8467075131561298,3,,0.006986733772126932,0.30776006116282884,0.02898571831094359,2.2335059767756986e-12,2.5338804540954527,True,True
S019,7,160.0,64,19680,2.4591187653214637,3.719929091501549,0.9919531520334905,0.5585782358057187,7,,0.0037829416193950745,0.3560414993751762,-0.06414900873246196,1.6569143441673008e-13,4.698077168373885,True,True
S019,8,160.0,64,19680,1.6414514270446947,3.6762998778351803,0.9082572843312435,0.8825253511505983,3,,0.009189092595306437,0.28971953018778634,0.01172002227497973,1.6966328901978045e-11,4.261333442443693,True,True
S019,9,160.0,64,19680,2.286618369039396,3.7905163405376565,0.972528022312464,0.6091262752952966,6,,0.04099785424416372,0.25301946770837536,0.022425019029852097,-4.858505941935973e-14,5.674474850846161,True,True
S019,10,160.0,64,19680,1.6387728529677978,3.635118782059916,0.9119124386460311,0.854110664105135,4,,0.01664132848354151,0.2980663986558446,-0.0015583355700937995,4.786843333609173e-12,9.05553202073501,True,True
S019,11,160.0,64,19680,1.6412735231277544,3.732055236286347,0.9444833507724906,0.8775564518888892,1,,0.01674808671680715,0.29294080372614145,0.0025617913347770332,8.941693031034598e-13,6.107822171217388,True,True
S019,12,160.0,64,19680,2.1089045650960303,3.7107392969334376,0.94828230148403,0.6840692157793119,1,,0.0051699042867430125,0.22653550774040154,-0.026432472058139055,-5.113420442050663e-15,3.328600602118799,True,True
S019,13,160.0,64,19680,2.2375116792319503,3.738556146922127,0.9531327223862035,0.6303123262955374,6,,0.026581843085830194,0.2398017533570568,0.059772814907176786,9.875479480186245e-14,3.1405435627098246,True,True
S019,14,160.0,64,19680,1.6606530667706794,3.717890484643294,0.9078537646054323,0.8553159934251144,5,,0.026272962248181556,0.19925317816243082,-0.04540004374741598,-1.5723320731004155e-15,2.3208998086680017,True,True
S020,1,160.0,64,9760,1.5751370833171812,3.3600822226914535,0.8769917240576579,0.8727007907820055,0,,0.7201324707347811,0.7201324707347811,0.7308312924182572,-6.940067352578424e-10,20.966398462609046,True,False
S020,2,160.0,64,9760,1.5654887827763548,3.4031509448292003,0.8286922298039634,0.8822412252402771,1,,0.8527419785694851,0.8527419785694851,0.7557834516359412,5.322909459757351e-09,9.24795585553989,True,False
S020,3,160.0,64,19680,1.653915790234339,3.134848480345732,0.9093623225496914,0.8499820944966712,3,,0.01669351983949354,0.23264735949196888,-0.25018913161074746,2.3949646964820053e-12,3.364292343168757,True,True
S020,4,160.0,64,19680,1.6186616624021963,3.117963324857638,0.9294291929039125,0.8569898704643306,2,,0.005146908855142107,0.3084220652784633,-0.17030662906362756,2.0700501125918848e-13,5.6585451960273945,True,True
S020,5,160.0,64,19680,1.6516836777649178,3.137676447676733,0.9308943339117342,0.8599869241160841,1,,0.011064043068989237,0.27662914944301686,-0.15571404565299754,-3.9983145280263766e-13,5.153054524898914,True,True
S020,6,160.0,64,19680,1.6810666361834778,3.0257132184363336,0.9057338256191794,0.8379674629070651,1,,0.01771398613815604,0.29804959995360397,-0.019832611028059055,-1.4073517408224734e-12,4.837528059024177,True,True
S020,7,160.0,64,19680,1.643836163961561,3.063660123318489,0.9277918014148975,0.8574000186989315,2,,0.019002256927674877,0.30955642418440055,0.025225560305122383,-8.578826771397368e-14,5.467237118584915,True,True
S020,8,160.0,64,19680,2.330844618162397,3.0096780448721248,0.9133919835865597,0.5824531132920692,2,,0.022273616921214323,0.26747917148056094,-0.007618115189978639,1.383954411128275e-12,6.5464089415727695,True,True
S020,9,160.0,64,19680,1.6374072336797845,3.13322849261852,0.9058030546230535,0.8516287830043064,4,,0.043753181345931105,0.22511918644930842,-0.10377140239947988,1.0985007369248978e-13,4.994517685427631,True,True
S020,10,160.0,64,19680,1.5123544373370685,3.3410667748417104,0.9309081461872981,0.9026784999368693,4,,0.06404653407927414,0.29859566569525214,0.027644101053885733,7.259806120669731e-14,5.868832356364201,True,False
S020,11,160.0,64,19680,1.7756349507340596,3.227468585196065,0.9153495481981528,0.8193014614202472,1,,0.012318972039056304,0.26671376290597754,-0.056486810377817304,8.900587183928085e-13,3.461044281670207,True,True
S020,12,160.0,64,19680,2.5953137994808113,2.974566179626028,0.9318701184262912,0.5134505638528335,1,,0.041368988894916026,0.23205233825835747,0.13217705890046536,3.249107295510445e-12,6.569012233884864,True,True
S020,13,160.0,64,19680,1.550237697893584,3.3169790745595633,0.9242317923449309,0.8929639030579395,0,,0.01955242971822236,0.24273083865527695,0.02099956505316035,4.158240550518137e-14,4.717543223255299,True,True
S020,14,160.0,64,19680,2.341195894470193,3.0841994278892435,0.9188712629877084,0.5675538994675758,7,,0.006501277658034987,0.2728590419965304,-0.05210629036901812,6.561305741617218e-13,6.4288097938585675,True,True
S021,1,160.0,64,9760,1.6234400321255067,3.643976527062194,0.8773298212441617,0.882553630378466,1,,0.7353862427336577,0.7353862427336577,0.7455651910935808,-1.0967820009852542e-08,7.317285311508638,True,False
S021,2,160.0,64,9760,1.4977635139824583,3.3628501746378237,0.7914417765143786,0.8711616640014913,2,,0.7692937474807984,0.7692937474807984,0.37352710865981226,-4.681321316862178e-10,6.962267096669043,True,False
S021,3,160.0,64,20000,1.706609654146767,3.5770438619831086,0.811558947756978,0.8323557801929147,1,,0.6872412461774763,0.6872412461774763,0.7551891500475714,3.537938618465235e-15,4.339870571307953,True,False
S021,4,160.0,64,20000,2.3466484097517144,3.521768013886734,0.8946932344254701,0.5794498709764113,2,,0.5309984342753664,0.5309984342753664,0.5111577337965816,-7.659749282797695e-13,2.583521282108826,True,False
S021,5,160.0,64,20000,2.336180156444216,3.6694885640368184,0.8836855620291193,0.5915412935358414,2,,0.7371145315703226,0.7371145315703226,0.7785713774887939,2.775428944743326e-12,2.3870327294466525,True,False
S021,6,160.0,64,20000,1.6208775924654377,3.5611684958032814,0.8527628760685406,0.8765163368529032,5,,0.5059020626518457,0.5059020626518457,0.46279344546643514,-4.05087691120993e-12,4.641172992210224,True,False
S021,7,160.0,64,20000,1.5128198290989148,3.5164900067549327,0.8185821166071869,0.8910240771139605,2,,0.5052827483299758,0.5052827483299758,0.46993389765439214,-1.954215222172419e-10,6.802944534732385,True,False
S021,8,160.0,64,20000,2.549453239485956,3.5964951488806163,0.8093717823725519,0.5244022211849784,8,,0.5746401407538044,0.5746401407538044,0.6526162831701042,1.186859152254875e-11,4.256610023920753,True,False
S021,9,160.0,64,20000,2.216135449807905,3.6782686161785083,0.8287682763937261,0.635491334896709,2,,0.4560569471675244,0.4560569471675244,0.5047392688178775,-2.466041595248243e-12,4.931035599996482,True,False
S021,10,160.0,64,20000,1.5948500203865996,3.632556612461622,0.8558910508258347,0.8846766908844579,2,,0.6144131310829328,0.6144131310829328,0.6170127275106978,-7.66991417882886e-12,4.503653161008162,True,False
S021,11,160.0,64,20000,1.662291771535946,3.5718194354138952,0.8483239469600494,0.8763938062251322,0,,0.6867704744873464,0.6867704744873464,0.8523254249976507,1.5143501137579223e-11,3.6602593366536267,True,False
S021,12,160.0,64,20000,2.2248512366992528,3.5544069546683685,0.9022720608366559,0.6321523939900764,1,,0.738910405143219,0.738910405143219,0.7655526400311807,3.6683066544898764e-14,4.707270135951279,True,False
S021,13,160.0,64,20000,1.719421263618349,3.6401078616081572,0.8242662574569168,0.8334780496099685,3,,0.6715783737729314,0.6715783737729314,0.705153149725972,3.1899706397243533e-13,3.19694603924345,True,False
S021,14,160.0,64,20000,1.6516150705783719,3.4859189778895825,0.829602785674421,0.8474844755569921,3,,0.8305758167405257,0.8305758167405257,0.781152370703223,-1.5206498138545697e-12,3.3756721285195024,True,False
S022,1,160.0,64,9760,1.593008939121,3.9000111296069426,0.8631765750063851,0.8767966751460606,1,,0.743950601990379,0.743950601990379,0.4852386372903316,9.831189896954964e-09,14.03524330352539,True,False
S022,2,160.0,64,9760,1.5918661745139646,3.6661665485736474,0.7970520400865017,0.8681097306735832,1,,0.766695107703661,0.766695107703661,0.7867388564659378,1.1350466642948917e-09,11.94668896903502,True,False
S022,3,160.0,64,20000,1.5487258251861031,3.9927423945010148,0.7927769985410602,0.8644872126569256,3,,0.5736063977186276,0.5736063977186276,0.5980550794454829,-5.767246893567373e-12,4.273502515232318,True,False
S022,4,160.0,64,20000,2.3972214996507337,3.9943826223097583,0.7995485610322342,0.5618952369059347,3,,0.748001941935235,0.748001941935235,0.744211727056324,-4.3614833288914604e-13,7.092820967340404,True,False
S022,5,160.0,64,20000,1.579634215737765,3.979576554374319,0.7981316817830041,0.883088800914811,2,,0.7960472048795533,0.7960472048795533,0.7808366803455578,-1.4305146621387436e-12,5.721189235894821,True,False
S022,6,160.0,64,20000,1.697350435299768,3.9620257811322044,0.8497717891091818,0.8628365284366337,4,,0.7155143622642995,0.7155143622642995,0.6728937116224836,4.199248391437202e-12,7.967147567244957,True,False
S022,7,160.0,64,20000,1.5052355298025115,3.941553741836512,0.8460941680850877,0.9103367101151668,0,,0.7782043156844763,0.7782043156844763,0.7448964047656528,4.028394155610505e-13,6.098561866488379,True,False
S022,8,160.0,64,20000,1.65581447485815,3.874070073008279,0.887861146058994,0.8799774644193064,3,,0.7611424586460241,0.7611424586460241,0.779660719007827,3.088634935279283e-13,5.01745750386909,True,False
S022,9,160.0,64,20000,1.5406872917369392,3.8601700842030313,0.8462580846739888,0.9023237184741275,0,,0.48180027873568004,0.48180027873568004,0.3672308973916652,1.8406478081690445e-12,5.065076429814562,True,False
S022,10,160.0,64,20000,2.394744686773088,3.923669965335538,0.8870122237736716,0.5773578576210338,7,,0.7344972085475837,0.7344972085475837,0.6879175653435448,2.1083329267166988e-13,6.403359545949488,True,False
S022,11,160.0,64,20000,1.5153731090859077,3.9154974699623386,0.814362742117883,0.9009277681052895,2,,0.5688709442903628,0.5688709442903628,0.510597234793673,-6.694060083514704e-14,6.2726168458135785,True,False
S022,12,160.0,64,20000,2.551326592503563,3.936232097880957,0.8963975097613597,0.537535211331966,5,,0.8501458273275367,0.8501458273275367,0.8142428778757342,-1.4961516750136634e-12,7.76676654167997,True,False
S022,13,160.0,64,20000,1.6016346349712745,3.862907768292295,0.829714880889443,0.8939680601491791,2,,0.3827910439446765,0.3827910439446765,0.4234774849098617,-9.062830569448599e-12,8.301391873035744,True,False
S022,14,160.0,64,20000,1.607843675180653,3.8287900567465374,0.908766554341091,0.8967368477712765,3,,0.8065816907172789,0.8065816907172789,0.7978700068698048,-6.791487824593485e-13,7.3041408763278755,True,False
S023,1,160.0,64,9760,1.6143435944209008,3.6623781744672135,0.9074860524351129,0.884254677823366,1,,0.6534036706449413,0.6534036706449413,0.2636730176750496,-3.0035621042299247e-09,10.445948949951916,True,False
S023,2,160.0,64,9760,1.6019737609107845,3.618062544795266,0.8440056352296899,0.8872634704896526,3,,0.09258888638477188,0.5933650703703204,-0.2594415712187047,1.4343436552529623e-09,8.605523944131539,True,False
S023,3,160.0,64,19680,1.63993631145035,3.6946928681414795,0.9119057573088181,0.8623087010166652,2,,0.014251003823908145,0.24833281973281124,-0.025283498422422654,-3.489648411209766e-14,2.515613384552614,True,True
S023,4,160.0,64,19680,2.6110054248285013,3.7740019592285696,0.9649973605825091,0.5309056211053613,6,,0.009572791919942678,0.2785603872418397,-0.21539554634149827,5.4798477713157e-12,3.5707613725143568,True,True
S023,5,160.0,64,19680,2.6991663838155397,3.852282798456816,0.9608330486129029,0.5201968874216707,9,,0.015081676235862762,0.3126430707569186,-0.004986120080048409,1.8965748012004227e-10,3.3470893420963033,True,True
S023,6,160.0,64,19680,2.7514152927042512,3.759157075120636,0.9583513252451819,0.5110818351313335,7,,0.028101671722086535,0.2688916064351694,0.04385778466430066,1.3242814914903963e-11,4.564529669025779,True,True
S023,7,160.0,64,19680,2.4346660628995953,3.753809108739753,0.9873119930322309,0.5648268338700473,4,,0.026032848294909924,0.2838669370149684,-0.034635625652340296,-3.524838290279928e-12,7.811357800322964,True,True
S023,8,160.0,64,19680,1.5819125808375092,3.7344210208174387,0.9495861168794648,0.9081913153439998,0,,0.0015082958722798462,0.3204217517802249,-0.02346408012049929,3.459193595387624e-14,2.993363945557131,True,True
S023,9,160.0,64,19680,1.677631095973369,3.693708321626983,0.9492323629499957,0.8769650315988987,2,,0.008865440856067816,0.28108810244421184,-0.01220700603983721,-2.2981314812697033e-13,2.8709896094829315,True,True
S023,10,160.0,64,19680,1.641388323967748,3.726768954027084,0.937230272475511,0.8854898247052614,0,,0.025060460466351745,0.27183208108551565,0.12695114377603275,-8.160710051190789e-14,5.883290786578343,True,True
S023,11,160.0,64,19680,2.748886880616672,3.8229595868903727,0.9551511977052949,0.5171102429030852,3,,0.013254032841060668,0.2246530745973716,-0.05575697304846995,1.8196864918367216e-12,5.013081894299841,True,True
S023,12,160.0,64,19680,1.6070834007315609,3.7946634135837325,0.9167705519940694,0.8991043103928207,1,,0.0162996848209301,0.37991990127520664,-0.007826721221408706,-1.4400252931043127e-13,4.0208861529791635,True,True
S023,13,160.0,64,19680,2.727836525747688,3.796721155369563,0.9467876216456237,0.5156967588640744,8,,0.05618818873372842,0.2219454763715087,-0.03892100864510592,-6.117069091458935e-14,3.415459281346412,True,False
S023,14,160.0,64,19680,2.6550735971825308,3.8517732606525525,0.9232334129368236,0.5252170345990368,11,,0.018005965892420817,0.24805597244047803,-0.10247838489983213,3.25071850276378e-12,4.987162717135571,True,True
S024,1,160.0,64,9760,1.5212095140348239,3.6954281714328476,0.8625850553618133,0.9093929462664105,2,,0.6555137199479821,0.6555137199479821,0.2058771056447749,-1.9486743268215804e-08,13.437360350536231,True,False
S024,2,160.0,64,9760,1.525180865922864,3.562286210255688,0.6858951799896713,0.8298576907314557,4,,0.826538492066141,0.826538492066141,0.13165309382153867,1.275479120581882e-09,4.078317901377658,True,False
S024,3,160.0,64,19680,1.5478707482885856,3.5094220380534296,0.7622199712425279,0.873287728219732,5,,0.032247177121054946,0.282264319750785,0.017163629829510797,9.86202566295589e-14,10.099892033010747,True,True
S024,4,160.0,64,19680,1.5669185431961532,3.623050717685876,0.7368963034074572,0.8629962646815242,6,,0.012856438840392156,0.2671583726329462,-0.13355556148456144,-3.289056369419183e-13,6.626747349838383,True,True
S024,5,160.0,64,19680,1.5356446694816124,3.649691190145008,0.7790950409161934,0.8837355202034833,3,,0.005748458225716256,0.2768118412861246,-0.12898766122216243,6.77930079781802e-13,9.943079891670504,True,True
S024,6,160.0,64,19680,1.545908077313714,3.502234482854918,0.7674446899527682,0.8773497802348877,5,,0.03299985708896867,0.26143243067519695,0.06503328088851476,4.351063899685458e-12,5.0630987529513805,True,True
S024,7,160.0,64,19680,1.5467159770810994,3.523133106861264,0.8170203007882013,0.8980476883599682,2,,0.02731432152611004,0.28248121701927914,-0.05079012984986018,1.3647879905632485e-14,6.375437627635534,True,True
S024,8,160.0,64,19680,1.542668506340242,3.4315996704430547,0.7534227962769453,0.8666035439642576,6,,0.013333577470907534,0.27836579664269623,-0.09247218823936366,4.726118920790627e-12,6.238838913638822,True,True
S024,9,160.0,64,19680,1.552887885369132,3.467972162695493,0.8200706530923122,0.8964213017698759,6,,0.07940456156916134,0.2855504174892775,0.044682128793413295,1.0738732352691177e-13,8.335696132755533,True,False
S024,10,160.0,64,19680,1.539587864061383,3.5597163288668856,0.8151374747879467,0.8948474119388592,4,,0.01408411954411405,0.2883737288849877,-0.013856248191998653,-5.028566089247724e-13,5.092692518072454,True,True
S024,11,160.0,64,19680,1.5481108330001945,3.489603392120734,0.7919312533353302,0.883846574525524,4,,0.016543542986386033,0.2688525636962751,-0.04042546824497438,-4.158994879996517e-13,6.947662707070326,True,True
S024,12,160.0,64,19680,1.5381818359054615,3.4995134671856727,0.7599711132211484,0.8738661976250395,4,,0.01897776473368412,0.3170550278155119,0.03635038024781575,5.254542233646731e-12,4.566440824433372,True,True
S024,13,160.0,64,19680,1.555130177092449,3.535082759680547,0.8334375431285475,0.8980178479556427,3,,0.045923010393222316,0.24284170275123476,0.03547239279009912,-1.7745618041913218e-12,5.097836100485767,True,True
S024,14,160.0,64,19680,1.5617697843284637,3.4397765129518305,0.782833227750185,0.8774677371856039,5,,0.007876879499428006,0.28032454870181067,-0.06517454212926918,8.483239136026582e-14,4.8913647910573435,True,True
S025,1,160.0,64,9760,1.590340973434759,3.4418945956009352,0.8801813455912793,0.8822372794963367,4,,0.7402010918582977,0.7402010918582977,0.8799766591137465,-4.043266585671912e-10,13.76232839555533,True,False
S025,2,160.0,64,9760,1.499249862869576,3.5652391493315845,0.7723306848780097,0.8823375860844366,3,,0.7035729041451657,0.7035729041451657,0.3530316780731563,2.7855508833665874e-08,9.865480853462895,True,False
S025,3,160.0,64,19680,1.5836251234320216,2.877459896567039,0.81682898411087,0.8466541388726212,7,,0.011121184679129575,0.3514001801670667,-0.027254137133371346,2.149606573280645e-12,5.971874137701449,True,True
S025,4,160.0,64,19680,1.5950275852205937,2.927158810920139,0.8458825967448145,0.8376429689259273,2,,0.003288428855573818,0.27405992578972316,-0.024107270162860725,1.1585460070255491e-12,27.95069008709858,True,True
S025,5,160.0,64,19680,1.581831157158929,3.0651200408053185,0.8399405708337246,0.8554799905799564,3,,0.0051494937791618355,0.3269425042484261,-0.01075806416246422,4.276054722243217e-12,7.609280317818174,True,True
S025,6,160.0,64,19680,1.6691783152195074,3.0863971539854784,0.8709113224370493,0.791745697241334,2,,0.014177477164935556,0.2846463221880907,0.03314231601788212,-3.4356613430382754e-13,4.777175365676724,True,True
S025,7,160.0,64,19680,1.614981210666167,2.910431352110794,0.8649750084357919,0.8309183640075839,5,,0.009774248377730846,0.23750071049403712,-0.02334990735232248,-1.9482887160857862e-13,9.738784185113836,True,True
S025,8,160.0,64,19680,1.5992095546730576,3.0439796964350556,0.8433294394481848,0.8537624258129748,2,,0.02743199331668381,0.3061611179082099,0.03804703297271783,-2.5776578072665403e-13,10.216621075997866,True,True
S025,9,160.0,64,19680,1.582780065220396,2.867151083419736,0.8598341870629411,0.845650513779326,4,,0.00902013093066975,0.29923044199119436,0.006805617942676534,9.63317168557542e-12,6.45914218665906,True,True
S025,10,160.0,64,19680,1.5862590695371446,3.008376817045312,0.8304117734662505,0.8593949046348808,2,,0.03777859839532871,0.25836148917131607,0.021192245339863476,4.473309735259453e-14,6.335616272485246,True,True
S025,11,160.0,64,19680,1.569129526113743,2.895309586734568,0.874422772976015,0.8522360256278808,0,,0.028038549848489164,0.25456159035555986,-0.004295158345421282,-2.16930327238726e-13,3.833784314933996,True,True
S025,12,160.0,64,19680,1.5346734868419796,3.0144070043895805,0.8554172954247616,0.8725132348353428,1,,0.007675883668605042,0.26217506935216894,-0.00690579753162864,1.0185528620448693e-12,8.764458198224276,True,True
S025,13,160.0,64,19680,1.5899927408481345,2.9870576984084454,0.8195327524469733,0.8500510146890634,4,,0.021968801594184434,0.3146572478066895,0.03095414067348813,-6.8095454348644725e-12,5.6046532039665315,True,True
S025,14,160.0,64,19680,1.551106144540209,3.0560449012110813,0.8444980971816893,0.8773344853085092,5,,0.018777992570324066,0.2792431490396847,0.028761832148065207,2.107946084867482e-12,21.794203110943315,True,True
S026,1,160.0,64,9760,1.5493839522912882,3.627339875884166,0.8722600348321147,0.9103900321856342,1,,0.82371774797859,0.82371774797859,0.8488413937109023,4.7295450751286234e-09,8.814106376646198,True,False
S026,2,160.0,64,9760,1.5909645758130875,3.317422484693522,0.8397238913119173,0.8755915209986018,2,,0.7739931594108842,0.7739931594108842,0.7122261278032381,-1.3508045471223714e-08,10.579160074539933,True,False
S026,3,160.0,64,19680,1.5518572174329497,3.2941587556807326,0.8411986985341908,0.8792368210518964,3,,0.016018523890090272,0.27541744478345714,-0.006278957358093806,2.5050505325378324e-12,4.436908951050818,True,True
S026,4,160.0,64,19680,1.5900535454693019,3.1630527055054576,0.8577663687811955,0.8702424232682395,4,,0.006062455560979738,0.2580718739224576,-0.057738602482102,8.520307016661354e-14,4.420074052327504,True,True
S026,5,160.0,64,19680,1.5615964826065796,3.436800871216011,0.8517184232124357,0.8893795438056342,4,,0.006769057315986607,0.29578694754663565,-0.01611299219060522,-3.82377782703818e-16,3.519809972657405,True,True
S026,6,160.0,64,19680,1.5725246529055836,3.272415952011303,0.8673440745171012,0.8817410250303115,2,,0.020209432308231946,0.2767846184616622,-0.01102955254541782,-1.763417814449797e-12,7.294151673145085,True,True
S026,7,160.0,64,19680,1.5294726515044015,3.30823061371027,0.8879427104862161,0.8987189161885087,0,,0.011422775333728952,0.2775054425498364,-0.06220789740825573,6.423233613621613e-12,5.562682680313523,True,True
S026,8,160.0,64,19680,1.5091978343000407,3.2282646194324243,0.8607679757403593,0.8948770925042564,1,,0.03602657616247208,0.22093196873804605,0.006922827711512786,-4.358896295660654e-16,3.138454630781131,True,True
S026,9,160.0,64,19680,1.5015289108405199,3.3574000347462523,0.839922237315202,0.8921778165794187,2,,0.012260915769232206,0.27384124270431315,-0.08177257669842919,-7.221887319258841e-12,4.136045115400259,True,True
S026,10,160.0,64,19680,1.5288113658337208,3.331090472395137,0.874847120473118,0.8953705178134971,3,,0.01756554602401124,0.2896175260822629,-0.14524101660041439,3.944937629115452e-12,8.018876660980306,True,True
S026,11,160.0,64,19680,1.630166268047908,3.353605506582586,0.8748865511542775,0.8659101122639162,4,,0.017134594140760184,0.2478415485595375,-0.023625619811597026,2.986685254045493e-14,4.289136007810113,True,True
S026,12,160.0,64,19680,2.197993109218437,3.147660169980778,0.8944719643108967,0.631668455718464,3,,0.03199129868659431,0.23857778852180847,0.053711621157197784,4.729365507863095e-16,3.656705912998731,True,True
S026,13,160.0,64,19680,1.5601767833292715,3.421891190225515,0.8216559061258134,0.8818854269472841,2,,0.025499019508021293,0.32158933930792316,-0.262887170297621,-3.909968925456031e-12,5.938879492227426,True,True
S026,14,160.0,64,19680,1.560542908774345,3.3074647238680486,0.8594354643580635,0.8853402940683224,1,,0.009886055691785847,0.26115341464363223,0.05224818207251172,2.298844163616901e-13,2.692431019519869,True,True
S027,1,160.0,64,9760,1.6286988527382873,3.594717753191383,0.9014726684582512,0.8839083685539197,2,,0.7542886509026756,0.7542886509026756,0.7875553922833746,3.120214782066147e-09,29.490990149816685,True,False
S027,2,160.0,64,9760,1.5205239295009683,3.473797233313843,0.9134818746064646,0.913694602602696,1,,0.6282411831207095,0.6282411831207095,0.7186409093129569,1.5920488058970824e-09,6.700271625940596,True,False
S027,3,160.0,64,19680,1.6269277889643368,3.6632846050687022,0.8684781723683138,0.8857368443016067,6,,0.0047994445804474765,0.28091353832283783,-0.020279864774460088,-8.622370369037078e-14,9.12391960089183,True,True
S027,4,160.0,64,19680,1.6291413332803173,3.7240077209550178,0.9512671216246082,0.8925434559170833,2,,0.03128812616456908,0.2768077891081584,-0.07135136687759044,-1.6311081189461038e-13,5.801758140597232,True,True
S027,5,160.0,64,19680,1.5341227986436752,3.688777176905422,0.8506351506907621,0.9095389146878259,2,,0.01047540122115077,0.25443994622423705,-0.11253893530556906,7.240778157300068e-12,7.038721732460956,True,True
S027,6,160.0,64,19680,2.2589033456752685,3.5521105815536256,1.0119424290290397,0.6145853769748935,3,,0.00841898246457885,0.2913466683123685,0.03717848252383403,2.158237102325854e-12,6.980850483781145,True,True
S027,7,160.0,64,19680,1.5879653112776433,3.6950917366586773,0.9251905261524415,0.9035060026051474,5,,0.01568234380330644,0.29168740806669496,0.01892209492408832,3.87319690063272e-12,4.422204148543284,True,True
S027,8,160.0,64,19680,1.6407567784182655,3.5727870465004754,0.9827247472108367,0.8737061568892307,2,,0.04739082693492904,0.24355991263912252,0.0006077861678568247,-2.3628169232675858e-12,3.8710812869352296,True,True
S027,9,160.0,64,19680,1.7664595446772893,3.6854468813603827,0.9397963759949284,0.83649424735293,3,,0.03598273532829329,0.22164706029340797,-0.030999206161440127,-2.722495242531306e-13,3.378876129828562,True,True
S027,10,160.0,64,19680,1.6822689121083032,3.5859788329672906,0.9409643582754441,0.8761650971860129,1,,0.007818293484619605,0.3216225046764552,-0.03295380133045267,3.877895162335162e-12,6.142834524512941,True,True
S027,11,160.0,64,19680,1.6135216685736777,3.571918400445523,0.9656523358879393,0.8886738479450795,1,,0.01016949787031745,0.2538439816679137,-0.05434330938573605,6.977316357322446e-14,3.451965557707853,True,True
S027,12,160.0,64,19680,2.1163828984512594,3.7495991112849096,0.9497253252802681,0.6776307839775002,1,,0.023713522136944443,0.27487684915856236,-0.07348006552237694,2.4519918151833062e-12,3.9618663480966547,True,True
S027,13,160.0,64,19680,1.5764446395375948,3.654416268260699,0.8778329599164819,0.8994744518713504,3,,0.014019258608176247,0.26688502761974586,-0.006098824587827983,-1.0248955761430024e-13,6.379956186328177,True,True
S027,14,160.0,64,19680,1.6297101192852483,3.649254348891948,0.9906889963046575,0.892983718774643,4,,0.006660168557345894,0.2914006195512728,-0.1727122920466768,3.339454390933366e-14,6.184153608972011,True,True
S028,1,160.0,64,9760,1.5974907136168546,3.681400051311673,0.8767114357250303,0.8962904555212178,2,,0.8146198150190787,0.8146198150190787,0.6836815397894899,5.045494733937736e-10,10.779765036681047,True,False
S028,2,160.0,64,9760,1.5932421718123315,3.6647350072345812,0.8164820875391485,0.8882051058581125,3,,0.6744278288906866,0.6744278288906866,0.3249214166103988,-5.520445776843763e-11,9.078193663420931,True,False
S028,3,160.0,64,19680,1.5740063060103198,3.8108713346064356,0.8986288712985204,0.907136940411527,4,,0.013869777128221312,0.2695936283614318,-0.11516412851172605,4.780762150596969e-13,4.1562981603118585,True,True
S028,4,160.0,64,19680,1.598459573444233,3.8013226906024924,0.8716334739341565,0.8953520689175949,2,,0.016469804006215283,0.2786361835374932,-0.009680442151891094,8.276967909176245e-12,3.2175695640039654,True,True
S028,5,160.0,64,19680,1.5278284096306365,3.7536349266915954,0.8721952613944393,0.9097004010299707,3,,0.04300749762405844,0.2543377059713214,0.02219802106929175,-1.1946990851745552e-12,5.726557363901629,True,True
S028,6,160.0,64,19680,1.582804652705089,3.7209696059927824,0.8864871271297902,0.8956483466950522,5,,0.00735730998133698,0.26934732555735746,-0.07153400365276613,8.041697364376135e-12,8.269999376623225,True,True
S028,7,160.0,64,19680,1.5581453448687765,3.6672983324173023,0.9103002174237351,0.8991992532442048,1,,0.011890405539966882,0.26756651363424494,-0.03645796983701365,-2.6557693599861966e-12,3.026054849203771,True,True
S028,8,160.0,64,19680,1.5785007839851386,3.6352413378585777,0.8518018740215092,0.8982110821334341,4,,0.010964904954987155,0.25572106736843186,0.002767760538890135,8.48074365549927e-13,2.3383191358871027,True,True
S028,9,160.0,64,19680,1.597561440269877,3.7794089237306143,0.8423444884767458,0.8835080968744584,4,,0.0358194426842524,0.2794698311816477,-0.018909380654805352,1.4505286440558247e-12,3.5704997730610377,True,True
S028,10,160.0,64,19680,1.5815021305696124,3.754430492893335,0.9013054087693625,0.9061693532900745,0,,0.032410402364562024,0.27452903841651455,0.02578512219299499,-2.6633497368584817e-12,2.497676832418241,True,True
S028,11,160.0,64,19680,1.5938627604709161,3.7805151416992544,0.8370199864058185,0.889853398312286,6,,0.004158813556478791,0.2841645412699852,-0.07090472615294677,5.67127818608025e-14,3.329480239520993,True,True
S028,12,160.0,64,19680,1.5951251964486817,3.6347400763952757,0.8532361081011037,0.8948272857058913,2,,0.2157235931584414,0.21711568109067902,0.09763268398534483,2.5176164979090503e-13,3.388570510435608,True,False
S028,13,160.0,64,19680,1.5878330258129738,3.5980716917444138,0.9104056421559081,0.899010851658122,1,,0.029517783974003467,0.27789927251616237,-0.049207031624477086,-6.253892748542611e-12,4.679351477275107,True,True
S028,14,160.0,64,19680,1.5890813709214358,3.721768905075621,0.8592860590424596,0.8971630641368507,3,,0.017052905134034443,0.32378232053993783,-0.04749731584928464,2.5101132111731095e-11,4.7999186411963395,True,True
S029,1,160.0,64,9760,1.5726576270289852,3.4729118812294395,0.9529752838114682,0.8963726939133966,1,,0.7451685740861568,0.7451685740861568,0.7587520155565368,2.7723312817196505e-11,60.408812383923554,True,False
S029,2,160.0,64,9760,1.5731244180776014,3.5756345139725423,0.8170461096755981,0.8993887365957032,2,,0.6316533551836179,0.6316533551836179,0.6629724579119688,-6.061238569818771e-09,9.955584087270706,True,False
S029,3,160.0,64,19840,1.5145381611243594,3.2070110165211543,0.9639741008683628,0.9042746374532977,2,,0.8526821471474515,0.8526821471474515,0.9119282387966154,5.462450970029572e-13,8.227387077176028,True,False
S029,4,160.0,64,19840,1.6132563809104674,3.0782177793164336,0.9280857633093642,0.863782331769452,2,,0.8154321226373525,0.8154321226373525,0.8822987823584565,4.195231961505957e-12,5.927605738520206,True,False
S029,5,160.0,64,19840,1.5630698147565285,3.2569510989729378,0.9233893406100545,0.8841805718055327,2,,0.9118981267727011,0.9118981267727011,0.8937377017668648,4.883754586995522e-14,11.680924386606378,True,False
S029,6,160.0,64,19840,1.523407543358878,3.0855152063395628,0.9374146462689738,0.8869199111080355,1,,0.8918702385116789,0.8918702385116789,0.8071093139324212,-5.5167141612406064e-12,8.671188330358357,True,False
S029,7,160.0,64,19840,1.5390776398700048,3.2276156853901714,0.9425961303610683,0.8931170186609009,0,,0.8837494322122061,0.8837494322122061,0.915117132887677,3.323719012204861e-13,8.868006520391686,True,False
S029,8,160.0,64,19840,1.582686639168133,3.195398552332584,0.9198083117623386,0.8823455647851517,3,,0.7937809308208801,0.7937809308208801,0.8678468361645663,-5.805159721986233e-13,6.73261669895722,True,False
S029,9,160.0,64,19840,1.5971500945355572,3.356540689340475,0.9580661761869455,0.8892983554983656,3,,0.8686124204663308,0.8686124204663308,0.8654274151790355,-6.44638475723634e-13,7.815988832858724,True,False
S029,10,160.0,64,19840,1.5715276189189054,3.402137727985468,0.9610942181121984,0.8949418164305086,4,,0.8851860124726995,0.8851860124726995,0.9605247300249578,-5.767010032766341e-13,8.744828042066606,True,False
S029,11,160.0,64,19840,1.5686916916380866,3.283802269105901,0.9670986612799585,0.89190565197915,4,,0.8750201113053916,0.8750201113053916,0.9523652574726209,-1.856035862416681e-12,12.119625391527402,True,False
S029,12,160.0,64,19840,1.617857266229849,3.400191920789255,0.9377045978759943,0.878913468620579,0,,0.9115756325941868,0.9115756325941868,0.5659259826766607,6.308355567145513e-12,11.715826264044898,True,False
S029,13,160.0,64,19840,1.526593130856771,3.3057440918170022,0.9596901828962014,0.9040153274041108,3,,0.6979455133134285,0.6979455133134285,0.7616388612984759,1.8300262454310434e-11,4.500135705860103,True,False
S029,14,160.0,64,19840,1.5559956080546802,3.2757746590007284,0.9375960702703904,0.8937641597013122,3,,0.8623490766121191,0.8623490766121191,0.8274193070172494,-5.274982231921849e-12,7.895471105083266,True,False
S030,1,160.0,64,9760,2.2155977822781034,3.4554905117097072,1.0249338192250623,0.627554183200087,4,,0.7167138693608585,0.7167138693608585,0.8064231139694319,-2.4161876693370484e-10,8.909166548510921,True,False
S030,2,160.0,64,9760,1.6574997802166633,3.386119766127379,0.9562039094951302,0.7795942812760546,1,,0.8477565587513065,0.8477565587513065,0.8805711528062433,3.9151052376819086e-13,8.946101350020037,True,False
S030,3,160.0,64,19840,2.3075684457608423,3.247282553116396,0.9563749508931995,0.5756791466949986,2,,0.7231456865977228,0.7231456865977228,0.7079378606498646,6.676999702207818e-13,3.7869575937069957,True,False
S030,4,160.0,64,19840,1.6216344325792194,3.227200521061024,0.9700627948299527,0.8565146063055493,2,,0.5427683670270584,0.5427683670270584,0.4882668451033554,-1.315994157808876e-12,3.1812140721664575,True,False
S030,5,160.0,64,19840,1.607162368646159,3.1713003820439565,0.9815638083004177,0.8790948256893905,4,,0.6148561200019207,0.6148561200019207,0.633211918915011,-5.858268953280576e-13,4.321516972332054,True,False
S030,6,160.0,64,19840,2.143550921001025,3.253870595871012,0.9853329776219968,0.6251643425842893,2,,0.7968509071581342,0.7968509071581342,0.7058913968859373,-3.4368722670124515e-13,4.489562576544237,True,False
S030,7,160.0,64,19840,2.073169610364495,3.392703810520465,1.003925960414179,0.6971921506305057,3,,0.6830967247024784,0.6830967247024784,0.7155577844874131,9.717740510705195e-13,2.9906023611759007,True,False
S030,8,160.0,64,19840,2.4071859805438516,3.2242187716722603,0.9802248689960266,0.5539816671945909,3,,0.7224637578142576,0.7224637578142576,0.7108475667769294,3.728028902388652e-13,10.305005525820313,True,False
S030,9,160.0,64,19840,2.326482863491964,3.2831850750326472,0.9659328701929051,0.585383482519117,5,,0.8147140608758128,0.8147140608758128,0.782800832045761,-2.899860551405623e-12,4.587798907607496,True,False
S030,10,160.0,64,19840,2.211689368815768,3.189637371184556,0.9941168664899285,0.6357851902804144,3,,0.610095745301812,0.610095745301812,0.719823733883316,-1.757472184385708e-12,3.3091919597831967,True,False
S030,11,160.0,64,19840,2.3326039717992115,3.1914537019279727,0.9960119425393589,0.5833426018437354,3,,0.6167353860095739,0.6167353860095739,0.7133009475209471,-1.8790254368411532e-11,5.289929863711233,True,False
S030,12,160.0,64,19840,1.7874678085679367,3.1364330753663485,0.948100868387259,0.7922826541892376,4,,0.5503437645326964,0.5503437645326964,0.599241042074822,-5.566755549914863e-14,3.582808223111978,True,False
S030,13,160.0,64,19840,1.614853585443028,3.296374161439032,0.9365258396580552,0.8772448933715105,2,,0.6998126749858951,0.6998126749858951,0.6855405712844289,6.537465362642175e-13,5.228076977417469,True,False
S030,14,160.0,64,19840,1.6237445286818208,3.217602196253692,0.9298474397138088,0.8716957956504472,2,,0.6625800477405476,0.6625800477405476,0.6577072434985937,2.5929714284379036e-12,3.9510670145447295,True,False
S031,1,160.0,64,9760,1.5098808868011893,3.62253789981082,0.7597971761048226,0.8883090489049383,1,,0.8559741818455253,0.8559741818455253,0.4376099868113953,8.115811097991222e-10,11.954856574352268,True,False
S031,2,160.0,64,9760,1.5396772781798953,3.604776523854251,0.741011774628878,0.8655532819948167,3,,0.779819665533769,0.779819665533769,0.4848417579300577,-6.450863489473806e-10,10.93438809749663,True,False
S031,3,160.0,64,19680,1.54739374161518,3.5420615928825328,0.7754739828182236,0.8812539443906682,5,,0.6345666544321219,0.6345666544321219,0.6103458332037917,-1.4303131156917652e-12,4.030811452043348,True,False
S031,4,160.0,64,19680,1.5224241625120851,3.6400076171925084,0.7804220187256142,0.888308956430968,1,,0.30069074080947156,0.30069074080947156,0.23208106623028368,1.8331217383639433e-12,4.285266920760914,True,False
S031,5,160.0,64,19680,1.5221563901596267,3.6790751951226786,0.8330381236681008,0.9099599656480108,3,,0.010028898530427884,0.22226100440987742,-0.039320274724310114,6.44536732659021e-12,4.856564931159983,True,True
S031,6,160.0,64,19680,1.5376103894114017,3.614069144916927,0.7993697720364983,0.8819657149542612,5,,0.02151496460653085,0.24670427958768307,0.006007057962436082,-1.2141010052150456e-12,4.358959291387218,True,True
S031,7,160.0,64,19680,1.5343663467678303,3.711769769650667,0.8259472455653807,0.9058110020260576,4,,0.008083970129762488,0.23511523573705786,-0.08406306748523099,7.171075140314175e-14,2.8973507795749094,True,True
S031,8,160.0,64,19680,1.5501855724311229,3.737275008564282,0.7848942511437804,0.8833488915017489,4,,0.06338283196555958,0.21147473374190182,0.029805666188285347,-7.13146412533963e-13,3.576622389685459,True,False
S031,9,160.0,64,19680,1.5293123135990045,3.7166573832784353,0.8416514745094335,0.9082356221595722,4,,0.19671141702774464,0.22796723100635485,0.1725932089598254,-1.921028025613542e-13,3.8014135822199946,True,False
S031,10,160.0,64,19680,1.513642541889248,3.672526898098705,0.7934384951637274,0.8983667417779885,5,,0.010114702165852321,0.23779674916985652,-0.2238571587294779,-2.3164982961993462e-14,3.404157414651771,True,True
S031,11,160.0,64,19680,1.5081940121639028,3.6497055093644386,0.8245613282553625,0.9032129907846012,1,,0.05043384927941677,0.2706414559831617,0.029867693625834288,4.95766717276212e-13,3.0332100099506576,True,False
S031,12,160.0,64,19680,1.5449199651227163,3.670558110936697,0.7816744138594984,0.8909367928801397,4,,0.0460524264486019,0.2337097384798669,0.08441450905359689,-1.5250298494035664e-14,4.243885007659466,True,True
S031,13,160.0,64,19680,1.5181512277501237,3.648684691460161,0.8272473378555497,0.9011935628757305,6,,0.08593935984245164,0.2767410915142999,0.011511982789764974,4.7727124419772466e-14,4.1350828302151275,True,False
S031,14,160.0,64,19680,1.520829719186817,3.625617332646529,0.8061463412241049,0.9022959396542123,4,,0.05401186867630936,0.25599572182240077,0.07805582177004544,1.655188543319718e-14,2.6475414229759595,True,False
S032,1,160.0,64,9760,1.579670221740442,3.5652980206726723,0.7567247248478324,0.8557310523444709,2,,0.6652201070647492,0.6652201070647492,0.48781083051398055,-4.689863374142811e-09,17.842340652928296,True,False
S032,2,160.0,64,9760,1.5818470268340052,3.508705781995368,0.824214344399872,0.8672329362472477,3,,0.7921997847120933,0.7921997847120933,0.6574408617835665,1.0388136983953548e-09,11.311226950449111,True,False
S032,3,160.0,64,20000,1.5360461820168223,3.711664957342886,0.7934432529184077,0.8894213350629645,3,,0.7645017447806439,0.7645017447806439,0.6879815702613798,2.872345445933206e-12,5.085492251476382,True,False
S032,4,160.0,64,20000,1.5278924245319851,3.7136343013618207,0.7368964845470636,0.873860734344004,3,,0.5337692900892952,0.5337692900892952,0.5009876950136036,-9.794425719241184e-13,4.352737409012866,True,False
S032,5,160.0,64,20000,1.5679165234615131,3.7628191127507407,0.780176358056657,0.8864066329200313,5,,0.672549947769317,0.672549947769317,0.589457738804823,-1.953225911561296e-12,3.2108331834983477,True,False
S032,6,160.0,64,20000,1.5443991304244247,3.6812998978227633,0.7512002560959057,0.8765536216258389,3,,0.8122804303692008,0.8122804303692008,0.7577746074789096,-2.0097377999144968e-13,3.874106642631541,True,False
S032,7,160.0,64,20000,1.5329717084039602,3.7204784285975765,0.7912138133320932,0.8984782811100431,3,,0.8156547035867286,0.8156547035867286,0.8309169235837955,-4.961309200195499e-12,3.819559120800027,True,False
S032,8,160.0,64,20000,1.5656745211722178,3.741146181646156,0.8054600150097553,0.8936743761296063,4,,0.7546163029651582,0.7546163029651582,0.7370368782221495,-8.527330747499695e-13,3.8908363116720253,True,False
S032,9,160.0,64,20000,1.6710403267077254,3.840404056999667,0.8409233832313074,0.7913457838029608,2,,0.6983880077107916,0.6983880077107916,0.674308752474569,2.049408445163339e-14,3.2325374424050946,True,False
S032,10,160.0,64,20000,1.5416734241036067,3.626409229142471,0.7818794770558538,0.8810983040045606,4,,0.7086019514023735,0.7086019514023735,0.6246371746075043,-6.277554798969036e-13,2.529840757401557,True,False
S032,11,160.0,64,20000,1.5671392382719367,3.8041211523556813,0.8015078204867425,0.8946848703919351,3,,0.7084571041709007,0.7084571041709007,0.7085793901471997,1.7628768993530007e-12,3.185324887972798,True,False
S032,12,160.0,64,20000,1.5763606330713928,3.5941464644678893,0.7930207444250498,0.8679471598890005,5,,0.7153731070103905,0.7153731070103905,0.7265234348492509,9.946142549767226e-12,3.4663541434749763,True,False
S032,13,160.0,64,20000,1.5265957145629674,3.7400533192406322,0.7838684017813776,0.8923196951611134,4,,0.6946150858643203,0.6946150858643203,0.6330256678607138,-2.979904688353867e-13,5.602019833709904,True,False
S032,14,160.0,64,20000,1.543732109295255,3.7376076360924664,0.7603870128912698,0.870949943787183,2,,0.7448604102523335,0.7448604102523335,0.7187536800388232,-4.0750666491881716e-13,4.088621559849419,True,False
S033,1,160.0,64,9760,2.6557735902693107,3.5007902666545303,0.9150603664012434,0.5147362301311358,2,,0.843608294144626,0.843608294144626,0.3684059637087153,-1.0267036505892526e-09,19.06065324230325,True,False
S033,2,160.0,64,9760,1.5554859995670074,3.480649129853701,0.7848538151085953,0.8775539289762364,1,,0.5855060059158717,0.5855060059158717,0.5925175239163272,1.7199476545166568e-10,10.07137777492185,True,False
S033,3,160.0,64,19680,1.6418994516402026,3.573786622160891,0.924847049131722,0.8800677223570416,0,,0.02518157197684851,0.2844346745234837,-0.006697612060940464,1.5597046713357307e-13,7.2240966921221315,True,True
S033,4,160.0,64,19680,1.6321668177014925,3.521994883411031,0.9040491078627502,0.8590493617195182,3,,0.005013000056317104,0.22515869580376544,-0.0599814694408086,7.111435972593982e-13,15.285834274423639,True,True
S033,5,160.0,64,19680,2.364996398176393,3.801007663120799,0.9289982263804439,0.5805223674434848,5,,0.0001025250845086251,0.3264103690757242,-0.11148881185918721,7.262278634955142e-13,6.582655600405271,True,True
S033,6,160.0,64,19680,1.5338047156740147,3.6487504434755955,0.9390757377076862,0.9162901324255293,1,,0.004162004760342772,0.2234510516738972,-0.12590757920813583,2.452639011840833e-12,4.6595771433676285,True,True
S033,7,160.0,64,19680,2.565083905935845,3.726154797369609,0.9584567450994199,0.5380800082071042,5,,0.03244283003475034,0.3956735140471879,0.0043817615353231865,3.3412929223409458e-12,5.733295405570197,True,True
S033,8,160.0,64,19680,2.396037653457292,3.6295846425399128,0.9688303756153789,0.5730028313344225,9,,0.022641143397806762,0.223528664251027,0.05445545188734824,1.2940852814251219e-12,7.2164825861051325,True,True
S033,9,160.0,64,19680,2.293382459680629,3.5497713034301155,0.9502422209885115,0.6024943655045281,3,,0.04504172538949476,0.2732485367024617,0.05570735605442184,1.165894291724371e-12,2.7651304329984723,True,True
S033,10,160.0,64,19680,2.3147872048759752,3.6114127306338046,0.957165278977343,0.5931687706105553,7,,0.021779718131523063,0.23775494505745254,0.07801206072297598,2.11285423678831e-13,2.5521226850058474,True,True
S033,11,160.0,64,19680,2.5358930291343773,3.7463724594779118,0.9167291146944863,0.5398901757799781,2,,0.05966300283559681,0.24849705573712028,0.00800434797376151,-1.0168102171469952e-14,2.51088954414733,True,False
S033,12,160.0,64,19680,2.4908536407664528,3.59899050914135,0.9890341560587653,0.5446007651502106,6,,0.042510021442535635,0.18797399364680534,0.030390372485097975,1.746290490119595e-14,6.269399460855376,True,True
S033,13,160.0,64,19680,1.6256984856183025,3.729513017229068,0.941710327701313,0.8955760995339639,5,,0.09215186480141661,0.2601505775351995,0.14335714010620507,1.1410861350916003e-14,2.0272816860607925,True,False
S033,14,160.0,64,19680,2.3458328910563018,3.5794040003375196,0.9694328329071161,0.5890344064207369,5,,0.0057242656397503006,0.29639509101733463,-0.0018735088096951402,4.031633379373945e-13,3.5184068799088775,True,True
S034,1,160.0,64,9760,1.5841910055698238,3.5724852692996087,0.945736650409123,0.8908037222486354,0,,0.7979474244115624,0.7979474244115624,0.7339529349114207,-1.6635504163632172e-08,23.507352962354382,True,False
S034,2,160.0,64,9760,1.6070190150131576,3.402564017313651,0.9255104775585752,0.8791458087774024,1,,0.7336137984664144,0.7336137984664144,0.35876840767046625,-2.789205008651563e-08,15.441645850734911,True,False
S034,3,160.0,64,19680,1.6043711698243799,3.0995672719715124,0.9122757390229783,0.8689716054445302,2,,0.016959716148428592,0.2622469939701913,-0.027557973432046162,1.1314345683725035e-13,6.19353455018038,True,True
S034,4,160.0,64,19840,1.6295293200716727,3.0183364668314625,0.9406041633337894,0.8529932195287213,4,,0.7791032055253474,0.7791032055253474,0.7930661682851095,1.045126129177743e-11,10.355382623506555,True,False
S034,5,160.0,64,19680,1.5867548132718587,2.9757173817026574,0.8710367617033988,0.8527651286816131,2,,0.027149087595503135,0.27708169282400086,0.04370081094866699,2.0526933247742145e-12,4.604002367729228,True,True
S034,6,160.0,64,19680,1.6416768809248348,3.017244154770914,0.9219820387565345,0.8538741991356197,4,,0.0036255387108869714,0.322071755324924,0.0011037299487437618,3.9312162490075086e-14,6.62088475371413,True,True
S034,7,160.0,64,19680,1.601475098674269,2.999575883745782,0.872822690552784,0.8504973543134027,4,,0.049455958285841935,0.26846376760459223,0.039096193956501636,-5.471538169156583e-13,6.2791601605527445,True,True
S034,8,160.0,64,19680,1.9718190692877968,3.1995708831192866,0.9861243984065656,0.7433501957318434,2,,0.01570941400165949,0.3638949854767608,-0.05323438228185335,1.887323590035079e-11,4.887119411474923,True,True
S034,9,160.0,64,19680,1.7456891389822806,3.1455877156195218,0.9338282063536071,0.8275001634107791,1,,0.008993266552055103,0.30051929747037065,-0.0761936468274291,3.1915794511192606e-14,9.071778813981677,True,True
S034,10,160.0,64,19680,1.6276147174322722,3.082219959860468,0.9673473713398306,0.8641555978253266,4,,0.008294232933024753,0.2312679462475491,-0.058910059813637214,1.1587966512825908e-13,5.326120753599238,True,True
S034,11,160.0,64,19680,1.6164950481948737,2.962407543578049,0.8828650216855256,0.8268871640289681,2,,0.02204788554342411,0.2263622212646402,-0.05342194419467914,-6.30437900118687e-15,3.8318575808706936,True,True
S034,12,160.0,64,19680,1.619076769800536,3.0376822643371986,0.8938671041140507,0.8306527837589242,3,,0.007992192601957602,0.6318800653253569,-0.64018905938277,-1.9390031475417302e-12,7.953266566855282,True,True
S034,13,160.0,64,19680,2.2850808513889036,3.085185448942357,0.9729576273295408,0.5870977767709565,3,,0.005948112346544566,0.26820230588918587,-0.29733712744184093,-2.5460489620922002e-12,6.7925460895118555,True,True
S034,14,160.0,64,19680,1.5711955305148018,2.9874160588740333,0.9052157886321031,0.8642926930149268,1,,0.0243002686327958,0.2866331416257666,-0.011132512972740191,2.8457669081828395e-12,6.383115369381752,True,True
S035,1,160.0,64,9760,1.5481342906048632,3.533960200404974,0.7170461059865308,0.85095163320399,1,,0.6977660380823064,0.7044307415008464,0.002110666279177442,-1.498120989785662e-11,26.897636380835888,True,False
S035,2,160.0,64,9760,1.5476030668208982,3.6575275112394308,0.67929130229594,0.8290639100467567,2,,0.7766131331182935,0.8407520945394507,0.0034506096801470987,1.2581030771768113e-11,9.958186646220549,True,False
S035,3,160.0,64,20000,1.5361445889081904,3.670412215390789,0.6959513286011552,0.8391693710677017,3,,0.9399387565294999,0.949852794663711,0.0054244551719103695,1.4802490884306995e-12,8.283391229758982,True,False
S035,4,160.0,64,20000,1.5599760138438454,3.6043504393554207,0.7014667444687652,0.8388410728347699,4,,0.9251943471901586,0.9310405922668552,0.012648788883833029,-1.1915907707417108e-11,4.925158769847954,True,False
S035,5,160.0,64,20000,1.5496550736324748,3.482700377786193,0.7008401923461269,0.836595584499147,5,,0.889278800570528,0.9088341898741326,0.006086575406811678,4.203399698608727e-12,5.568103362036897,True,False
S035,6,160.0,64,20000,1.5449948573805132,3.5726787939930063,0.6954559654411087,0.8329295323426834,4,,0.9072492857649439,0.9072492857649439,0.09379001837713918,6.566640293136263e-12,4.177649490994623,True,False
S035,7,160.0,64,20000,1.5521361426595919,3.5843635592269742,0.7174097548074603,0.8482295287810813,6,,0.9170753927389315,0.9170753927389315,0.062448112674973966,-8.021899415200903e-13,5.43873960266622,True,False
S035,8,160.0,64,20000,1.5520998881729307,3.563418912605246,0.6779364221031003,0.8230935795615205,4,,0.8902875501090749,0.9216019408239193,0.04187485148467418,-2.1412316750284544e-12,6.033954382875616,True,False
S035,9,160.0,64,20000,1.5466526015102728,3.693419377985056,0.6718199166422862,0.8202655758994184,3,,0.9083928439916794,0.9083928439916794,0.02089436296383007,1.8681234017825707e-13,6.939777261963887,True,False
S035,10,160.0,64,20000,1.5467155544198439,3.64328510293247,0.6969155668309869,0.8334902225271024,5,,0.9394617994099017,0.954617061052556,0.0061925361235757315,-2.3860754764578226e-13,3.7157879511790446,True,False
S035,11,160.0,64,20000,1.558891557927718,3.5826610478469307,0.7193991602513735,0.8468448322758522,4,,0.9443168045232628,0.9443168045232628,0.00281772185152529,5.293474740584839e-13,9.225891521036534,True,False
S035,12,160.0,64,20000,1.5341152901043924,3.5878877109928755,0.6817348097009082,0.8327860951868145,4,,0.866629065381576,0.8733937785176958,0.048219269330202374,8.393310486509186e-13,5.5529324491324905,True,False
S035,13,160.0,64,20000,1.5542541731224173,3.6412932912421,0.6993602410910722,0.8377755087851089,2,,0.8942361219343223,0.908129578748137,0.015084631327420772,7.290030663960632e-14,5.56840753517588,True,False
S035,14,160.0,64,20000,1.5499695143648868,3.5578898408884543,0.7014886759982533,0.84239201773322,5,,0.9078064104225146,0.955645314330343,0.004346043927553445,-6.59793970457505e-13,5.013891518030588,True,False
S036,1,160.0,64,9760,1.95896186492508,3.864215211043845,0.917507865110952,0.7505145941268437,0,,0.8528506825991231,0.8528506825991231,0.8510888610646993,3.3103227855975044e-11,10.996925305094052,True,False
S036,2,160.0,64,9760,1.529671142046686,3.5791775662514427,0.7506077747216264,0.8436778208391778,2,,0.7158799574055903,0.7158799574055903,0.4810825568753817,6.071836177955744e-10,10.710227125685885,True,False
S036,3,160.0,64,19680,1.6506126283624747,3.763111706173176,0.8598917565260402,0.8560858749763902,1,,0.024416015200416256,0.2904492577008085,0.06051264083565494,1.4939203529936753e-14,4.7411682430584765,True,True
S036,4,160.0,64,19680,2.260366966458572,3.6484274077173784,0.9348685672590007,0.6141492655770918,2,,0.030489826622295352,0.25668692578167046,-0.06786668432962645,-6.770486114936376e-14,4.890030844187702,True,True
S036,5,160.0,64,19680,1.5748939224762037,3.7001736035167894,0.8990245058468368,0.8920848752768256,5,,0.06172521210990009,0.2591974114788542,0.06161133215932424,-1.4995262622745299e-13,5.19428221489688,True,False
S036,6,160.0,64,19680,1.9033645181870202,3.7318636263008846,0.9292768066672401,0.7724720436944461,4,,0.017356877509848212,0.2687194736578818,-0.06143262650333964,-1.2657281630690446e-13,4.629953545777891,True,True
S036,7,160.0,64,19680,1.6406433623885168,3.7325879134413085,0.9348848089062491,0.8902970331387609,2,,0.11587841539262951,0.21506780810195195,0.02852846119824179,3.4888766019208525e-15,5.1246946770983826,True,False
S036,8,160.0,64,19680,2.2707596722163483,3.7698374301547455,0.94130761918483,0.6144268410306506,6,,0.012917908195042665,0.2443524215546739,-0.2263452791951655,9.081471773979782e-15,4.408351824717093,True,True
S036,9,160.0,64,19680,2.399825387792236,3.835143972108053,0.9514599849520373,0.5682467551527628,5,,0.030050439656514223,0.2336547855679926,0.022882993292217026,-4.329700546588765e-14,3.4543815311895782,True,True
S036,10,160.0,64,19680,1.6037172912346853,3.574173883689625,0.9485686387211099,0.90068119639483,0,,0.04742786830682717,0.232917167442978,0.06567089235646467,-1.613303807775208e-13,7.808142651220012,True,True
S036,11,160.0,64,19680,2.047045557647981,3.7256707379736103,0.9195841321876547,0.7133156373610753,1,,0.022740065565226737,0.8416740541407673,-0.8887929439776668,-2.492295180261997e-13,3.6145710074969766,True,True
S036,12,160.0,64,19680,1.5467651784173602,3.815228842776798,0.9003086879583757,0.9086741054317271,1,,0.019414678058173748,0.23018408333696563,0.004426652096881603,1.5961527399596947e-13,2.8479579161503974,True,True
S036,13,160.0,64,19680,1.6416954819909706,3.838011694676169,0.9079534258778785,0.8840840484938788,0,,0.07401170552030167,0.22522070426578564,0.1525075401197861,-2.574938386811452e-14,2.64892954252811,True,False
S036,14,160.0,64,19680,2.1244521847542726,3.9026125602435506,0.923467572097499,0.6835271986191714,1,,0.03798590629607347,0.3045752926124267,-0.11460320990639772,4.1550446468565367e-13,3.002632369843908,True,True
S037,1,160.0,64,9760,1.6142494955208575,3.3267526653465556,0.8529683913764938,0.8699514755090006,3,,0.6883038393054945,0.6883038393054945,0.6314849736843671,-4.325979006771508e-09,16.03736258798916,True,False
S037,2,160.0,64,9760,1.5979612307365278,3.1529383870649452,0.7710149942295368,0.8385802975440344,2,,0.7783011370873253,0.7783011370873253,0.695157243144606,6.062941814159019e-09,10.97320878491268,True,False
S037,3,160.0,64,19680,1.5828098157938033,2.610742588117233,0.8622564610088321,0.8013018866385986,5,,0.025943515292137943,0.28871035813114115,0.08008605617475853,1.0593383706759382e-13,5.4892932068777505,True,True
S037,4,160.0,64,19840,1.5417366104853452,2.577611329207779,0.8548374651848459,0.8306050054822796,3,,0.9040758113831812,0.9040758113831812,0.7548360245392387,-6.7957319482220925e-12,5.850772333553637,True,False
S037,5,160.0,64,19680,1.5588609113381158,2.8971996040951713,0.8478064204954605,0.8493705297347951,2,,0.005581520017630777,0.28547475748309337,-0.1022048015422389,5.891381297986837e-13,4.505476239039739,True,True
S037,6,160.0,64,19680,1.5640362718356968,2.6654969063357496,0.8446555161498877,0.8244977900803124,3,,0.005249113987920108,0.2855686451526555,-0.005405785717053295,3.1599898765689384e-13,5.3541451151819235,True,True
S037,7,160.0,64,19680,1.5889485095861098,2.872956288779382,0.8868100685215103,0.8388040797323384,1,,0.05978171418692573,0.3373278731845677,-0.030949373452265456,-3.2633281566786904e-13,4.961449810228438,True,False
S037,8,160.0,64,19680,1.5488414916380002,2.5830527572496607,0.8091343765076248,0.8192432969007177,3,,0.011461533084342602,0.25842861731467204,-0.036841485495419934,3.1968683769171734e-12,4.739914340029787,True,True
S037,9,160.0,64,19680,1.5387937676007746,2.815214856752067,0.8321327185442389,0.8389042119411165,3,,0.006291521173970705,0.3286615779024476,-0.013912950504307908,-1.372915826912738e-12,6.792358412620051,True,True
S037,10,160.0,64,19680,1.5079839300312878,2.6177750393867485,0.8148972089309003,0.8366478629967912,3,,0.0038575597524081184,0.2612580196128658,-0.11534583088405237,4.988171450402535e-12,3.6421447757048577,True,True
S037,11,160.0,64,19680,1.5250532163145794,2.772267993020023,0.8487987085775053,0.8489339461480115,1,,0.01480131205660467,0.3293601106351869,0.008464210055636731,-5.681798514913829e-12,4.3007002028904555,True,True
S037,12,160.0,64,19680,1.5649420839464678,2.610563018226329,0.8546464719821656,0.8200225769076794,3,,0.006181786934736428,0.29348706643460776,-0.09075768554696945,1.093125446617465e-12,7.20924460501462,True,True
S037,13,160.0,64,19680,1.5421619116975793,2.9456371293660055,0.8759103634625123,0.8637431193631582,2,,0.01169497135783132,0.3128174798241504,-0.007082502127712553,1.1618209490300802e-13,4.860884779138579,True,True
S037,14,160.0,64,19680,1.5278027267628878,2.6455865162002703,0.8419312266441425,0.824336860269739,6,,0.08678313492906833,0.29266857029423704,0.01937226701315592,-2.8845134644345345e-12,8.090073471378274,True,False
S038,1,160.0,64,9760,1.5656152526188816,3.399778677535683,0.7620220060528174,0.855853487830124,2,,0.7619557764007261,0.7619557764007261,0.6559545874655611,-5.903713738655354e-10,19.505474231950963,True,False
S038,2,160.0,64,9760,2.255080480090326,3.474545036818192,0.9600333366446102,0.6177707117239148,3,,0.37947654655756413,0.49461284389317917,0.7516202932456143,-2.4570313767835604e-09,13.119222506115907,True,False
S038,3,160.0,64,19680,1.5469219359831365,3.387204852165687,0.8081417568225193,0.871258388121928,3,,0.026501868819684325,0.24355640731204928,0.009603092637038985,1.982741698977372e-12,7.296206683069041,True,True
S038,4,160.0,64,19680,1.5377690373284683,3.3562316153527743,0.768339241843546,0.8725813875976056,3,,0.051493146556538846,0.24482451224481544,0.07955271305405222,1.115015744305124e-12,4.93690924258436,True,False
S038,5,160.0,64,19680,1.755677524047327,3.460041833616681,0.86719439040289,0.7869020123327239,3,,0.027863419711290215,0.30411894970279485,0.001696623948624151,2.622216486545601e-12,7.173646261565937,True,True
S038,6,160.0,64,19680,1.5956360930432654,3.468473446250511,0.7518748857024529,0.8481371588365804,3,,0.020677853017105584,0.2847403324793689,0.051587111064978965,1.49274950469568e-12,12.270483250281586,True,True
S038,7,160.0,64,19680,1.5259426907407505,3.390619022982007,0.7898898828145653,0.8855177077453686,3,,0.014936057640719005,0.26719088170239885,0.04967835000839411,1.376382778811883e-12,4.94979812579186,True,True
S038,8,160.0,64,19680,1.5289203182961477,3.4480438030843565,0.7706364068522282,0.8668679708603193,5,,0.04529447263338271,0.27720518881661826,0.08523773871372264,-6.090973906272887e-15,6.044523337954735,True,True
S038,9,160.0,64,19680,1.532322832432617,3.480029263312595,0.7686405562030356,0.8647610565561044,2,,0.01326581382406361,0.24074749332164863,-0.003536413956402945,2.4505041651104515e-14,5.629526615900711,True,True
S038,10,160.0,64,19680,1.5531886839628337,3.3895114818045915,0.7727375338233755,0.8667563222865158,4,,0.09728436894238926,0.2088034668329908,0.10534180505492668,-5.227962709413454e-11,7.66342479203108,True,False
S038,11,160.0,64,19680,1.575311780572957,3.437301638391588,0.7708273252346862,0.842542163968882,3,,0.01929169958841658,0.23296056202064316,-0.013605879364392892,-6.266901882363319e-14,6.57532623870631,True,True
S038,12,160.0,64,19680,1.5445743294331546,3.4764696504913566,0.7511297767609708,0.8672018357612981,5,,0.08830558495746683,0.28835342014165494,0.04977041068981058,-3.700454786771576e-12,8.425669250451739,True,False
S038,13,160.0,64,19680,1.7897450647581703,3.4452155670628715,0.8409542955830656,0.7673173998212023,3,,0.005761756692184438,0.2760449700488028,-0.0029930794715332387,9.039784608993862e-13,12.415166183044018,True,True
S038,14,160.0,64,19680,1.5761089286777046,3.4788072764576903,0.7577428628499898,0.8509181991423793,5,,0.023666968514405303,0.27504284125928696,0.02598375426622771,-4.676943807307956e-17,6.622699500262838,True,True
S039,1,160.0,64,9760,1.6313355646928431,3.7259592633351186,0.8763850864930183,0.8858772873384979,3,,0.6193937050227715,0.6193937050227715,0.8219711982308221,1.2014459810872802e-10,7.797724169113925,True,False
S039,2,160.0,64,9760,1.6113631050549522,3.577689406756021,0.8860157047938368,0.8851589588601829,3,,0.6223217874795519,0.6223217874795519,0.8630647438451782,1.6342297694580993e-08,12.998951909904859,True,False
S039,3,160.0,64,19680,1.6263939739724358,3.761316939804381,0.8758867724247907,0.880806873882667,1,,0.017977660724588125,0.2639378593971506,-0.05121385776780622,-1.2992586117429897e-13,5.099355411644781,True,True
S039,4,160.0,64,19680,1.5710473025447622,3.69622697191016,0.9249811636774614,0.9011673460300399,1,,0.01253452559932828,0.25926312395359186,0.06492437032564105,1.4338652158908354e-12,3.5812639101768347,True,True
S039,5,160.0,64,19680,1.5359512403106321,3.8095409090678265,0.8921099429054566,0.9133206822765624,2,,0.013504083809325905,0.3062273818062307,-0.017646936702740618,5.979180119053408e-11,3.8454771626390913,True,True
S039,6,160.0,64,19680,1.5935901474572018,3.738934571827114,0.9273983350825613,0.8988992822647897,2,,0.0900684294104426,0.27313212536697756,0.14475488632440062,2.2794180470586525e-12,3.4291568253134073,True,False
S039,7,160.0,64,19680,1.7255425324300795,3.6835323217709686,0.9546871911800817,0.8600952659856073,3,,0.025950875028514064,0.25889757930465546,-0.005640417283765586,9.353654295167983e-15,5.764164471064672,True,True
S039,8,160.0,64,19680,1.6399652963567444,3.646174994207729,0.9864978227842749,0.884695300610306,1,,0.04395078407389781,0.3314686051984763,0.029235917476666276,-1.0663671511891773e-12,4.543006374521084,True,True
S039,9,160.0,64,19680,1.599751023840714,3.7311469350263646,0.9325147109995578,0.9011948488311734,2,,0.09983317238978612,0.41374931576401625,-0.08875450903100889,-5.127340922351857e-12,9.96779805044765,True,False
S039,10,160.0,64,19680,1.617960828512012,3.6422069922862867,0.9300283986866698,0.8954641690357138,1,,0.008748354678592182,0.27174885625818107,-0.011244797279083542,3.881219730344825e-14,3.8726987553063608,True,True
S039,11,160.0,64,19680,1.5855420571589738,3.5823600016226482,0.931474835891656,0.9014795117985015,1,,0.04395585317268878,0.27284678253303113,0.12402588660324854,8.427917350905119e-13,6.600910063303984,True,True
S039,12,160.0,64,19680,1.6187595983709324,3.7060955307363965,0.8933958771054267,0.8781668364692172,3,,0.09362694875069767,0.24786328940509875,0.15258203625356173,8.195241214351866e-13,5.486466260526064,True,False
S039,13,160.0,64,19680,1.5595656574978596,3.5993537979722046,0.9255096198280869,0.905369105162168,0,,0.030153884032384597,0.28945345061055217,0.00565959327291809,1.8045168526518394e-11,5.415454427586927,True,True
S039,14,160.0,64,19680,1.60865355933674,3.697765981590579,0.9568050032348121,0.8940626709782687,1,,0.011735815847484546,0.29682625588555295,-0.01555064685780988,1.501089805425727e-13,2.6905508964009295,True,True
S040,1,160.0,64,9760,1.6413121140623066,3.5255523648922065,0.8818034385770154,0.8764946553426562,3,,0.7789935285345747,0.7789935285345747,0.7521009830363607,-6.304436759909599e-11,23.86402864989738,True,False
S040,2,160.0,64,9760,1.5575362340031855,3.50193378752455,0.8206987379637402,0.8987201443361499,1,,0.6467549357453418,0.6467549357453418,0.5216336672437136,1.3203880977969878e-08,9.200758833364194,True,False
S040,3,160.0,64,19680,1.6510256498992062,3.528202254163101,0.8819068456881908,0.8726139575839492,4,,0.055349157419856236,0.2914671927653125,0.09077191640928697,-8.337891230809107e-14,10.185381074481995,True,False
S040,4,160.0,64,19680,1.6045204498866041,3.5214675079479107,0.8535426665518753,0.884309582702502,3,,0.057994647805595184,0.21068479836620527,0.04397226590003475,2.404977693564657e-15,7.572249796100137,True,False
S040,5,160.0,64,19680,1.5970016803756626,3.5363536499436234,0.8646798512582408,0.8745206270492003,2,,0.11925899189291825,0.3221077210259485,0.06930985120677816,2.393848598052408e-11,9.082841635343353,True,False
S040,6,160.0,64,19680,1.58826594488932,3.571224515561388,0.8266170883718432,0.8812497535516975,1,,0.023335328253509473,0.2579763499040408,0.055283634558881,9.504545556513644e-13,16.8008889668473,True,True
S040,7,160.0,64,19680,1.5478378430556385,3.487601517391854,0.8108536238946598,0.8752930274753574,3,,0.056951821685269015,0.1901452423208481,-0.1132869221189236,-7.652806733200416e-14,5.750891303496349,True,False
S040,8,160.0,64,19680,1.5985252942082435,3.5198128234351604,0.8335366097914574,0.8722736074759396,2,,0.08294484312653563,0.2829457177497388,0.10569021966296867,-1.344646877983689e-12,9.158134921219656,True,False
S040,9,160.0,64,19680,1.5601098104161986,3.5123768816189416,0.9010119572758808,0.9014628319737656,2,,0.014683763333025962,0.3045412031394788,-0.3447752661903141,1.0425875494858401e-13,9.29387281081644,True,True
S040,10,160.0,64,19680,1.5561563802653824,3.486440239127714,0.8655217130115402,0.8932052603261817,4,,0.015003688563905286,0.5953644664540341,-0.6416707731828799,-1.652549587000734e-14,8.080482602172928,True,True
S040,11,160.0,64,19680,1.550698551727967,3.41919619817869,0.8617468230628755,0.8934289876168526,4,,0.018470279960696268,0.41349489579105675,-0.40999683750070537,-8.878058351816163e-13,13.419181129480199,True,True
S040,12,160.0,64,19680,1.5948470670208872,3.491442947956198,0.8847874170742855,0.8913915174591939,4,,0.06857916484860849,0.22646889275000298,0.13560473229748465,2.957216326260717e-13,10.077239362135002,True,False
S040,13,160.0,64,19680,1.5863735851155296,3.697809921676725,0.8881249894633896,0.8923455317345796,1,,0.028197550332182856,0.32793803316905007,-0.10565365231220902,-3.2620210988362483e-12,9.864220190768023,True,True
S040,14,160.0,64,19680,1.5643023741879156,3.499797729758761,0.8628952112225525,0.8834670445267673,0,,0.011853186563324078,0.23731836663477013,-0.10244200013522223,-4.421068878920286e-13,6.59000959133889,True,True
S041,1,160.0,64,9760,2.430932905060392,3.5407144648201445,0.8753887515412542,0.5553943893091676,2,,0.7753705274060103,0.7753705274060103,0.6865368057603334,-8.765563737171641e-09,12.20936019304166,True,False
S041,2,160.0,64,9760,1.5554412557706754,3.173038354947134,0.7890114861910615,0.8525440792486749,2,,0.7470261778519917,0.7470261778519917,0.5510608528036062,-1.1143005613535611e-09,11.492593630707711,True,False
S041,3,160.0,64,19680,1.576273241326838,3.3223381098828977,0.8106385797253961,0.8608540329034091,0,,0.01588627116329775,0.250082207318443,-0.028269539342691104,7.11027090845797e-13,4.011817309121703,True,True
S041,4,160.0,64,19840,2.2780470153442227,2.913477713161566,0.8464238412107664,0.5623635496819537,5,,0.6989352093773304,0.6989352093773304,0.6804545776220401,-1.5896150632267222e-12,6.69553414129085,True,False
S041,5,160.0,64,19680,1.5581027151643325,3.4000678455190716,0.831008168937629,0.8877435173364483,1,,0.037275348103538365,0.29868021712391607,0.07642053967794474,5.176809175817741e-12,3.899836256680154,True,True
S041,6,160.0,64,19680,2.665084135049881,3.0923789691386556,0.8872966052229287,0.4949891750317864,8,,0.024425624005490882,0.31656373468878957,-0.05808400261866751,-2.432637664544751e-14,5.405955866772054,True,True
S041,7,160.0,64,19680,2.402603822341018,3.362379552512894,0.8636064229253162,0.552259637188014,4,,0.025538972704272477,0.2529744000256764,-0.05795067578594825,1.0498270932812512e-12,4.955088251117637,True,True
S041,8,160.0,64,19680,1.615990646799615,3.084314853569185,0.8317280457371987,0.8410914102811242,3,,0.041067141776112016,0.24130348614212005,-0.0819818961653963,-2.099537289758614e-14,3.926384642234961,True,True
S041,9,160.0,64,19680,1.5253328285119918,3.2533374011513496,0.8392716432534595,0.8877999502333899,0,,0.04213994707598158,0.295600293796787,-0.022151809464563424,-1.2237774246756184e-12,2.5346235675465874,True,True
S041,10,160.0,64,19840,1.636577476325491,3.0562632609326075,0.8699289602613905,0.8556152149274383,0,,0.9017074399602962,0.9017074399602962,0.8590782968367694,-5.601649876638226e-13,6.720028787419016,True,False
S041,11,160.0,64,19680,1.5188055054571181,3.5177629278545117,0.8239405212123712,0.8858897195856974,1,,0.013075994674462934,0.2807739662118313,0.01773434652242875,3.3104521300758088e-12,3.580273991619829,True,True
S041,12,160.0,64,19840,1.6761641006136456,2.970600804425646,0.8613723489310319,0.8366850137496468,3,,0.7893391661241882,0.7893391661241882,0.7524157896953833,6.472380310347372e-13,6.434816463890044,True,False
S041,13,160.0,64,19680,1.6257573570823496,3.2814322876136806,0.8515322805117966,0.8740003177976294,3,,0.0080433178097182,0.26843168679353513,-0.032413943613005425,-9.359855242555935e-14,4.31261440680416,True,True
S041,14,160.0,64,19840,1.8897055135804788,3.128840817147297,0.8761224895367937,0.7604948498380997,3,,0.8255596773516928,0.8255596773516928,0.844578559626159,6.779555764542585e-12,7.622780474010745,True,False
S042,1,160.0,64,9760,1.6101928004852062,3.598751327215491,0.9171091104729834,0.8943587991941901,1,,0.6029193668153486,0.6029193668153486,0.8126233626730655,9.659620974062101e-09,11.993123147078132,True,False
S042,2,160.0,64,9760,1.5456181973327883,3.5815794741348075,0.833769600803904,0.8938423707141485,3,,0.8584097738213551,0.8584097738213551,0.7065626025416878,-1.071713429737071e-09,10.715954624679936,True,False
S042,3,160.0,64,19680,1.6085378001613937,3.0686331055149765,0.8718897291541465,0.8392005417724144,2,,0.031223546047116777,0.30414299898071845,0.045110935496224434,4.14634474915197e-14,5.4826698103249205,True,True
S042,4,160.0,64,19680,1.5467361855008197,2.98655354344152,0.8198881948000774,0.8575140662517109,4,,0.010254149714432035,0.29498554862840776,0.030669949124219248,3.100646846792506e-14,5.139514828487225,True,True
S042,5,160.0,64,19680,1.56539821565352,2.9797338454618805,0.9008246654037564,0.8635672273692442,1,,0.005653121568934642,0.25818093999566744,-0.11240682487828979,1.036730036559854e-11,5.7892970759921205,True,True
S042,6,160.0,64,19680,1.513277065347785,3.0594464906424506,0.8941168527452916,0.8856747679590538,3,,0.011361747629328057,0.27401429497894236,-0.11669228353121558,9.53674822989334e-14,7.9564901032828255,True,True
S042,7,160.0,64,19680,1.6090622512746342,3.1772345555226784,0.845005535355931,0.8560069858031744,3,,0.014316133056566892,0.25168050190602204,0.0014893566872400121,1.3587828225667188e-12,7.240976602845725,True,True
S042,8,160.0,64,19680,1.5721898564255872,2.9630472710524636,0.8270407409660534,0.8548038377841852,5,,0.01287707837477329,0.2993304189599225,-0.08565115500955645,5.933470072908636e-12,5.38312107588947,True,True
S042,9,160.0,64,19680,1.5121637819349043,2.9955557345472985,0.8848513384790548,0.885013530442536,3,,0.0034475330094448273,0.2739898309068232,-0.07502069330499422,1.076498811109685e-12,4.500794851342807,True,True
S042,10,160.0,64,19680,1.5233896702542218,2.996391552020036,0.8896252739794948,0.8785229359441162,3,,0.028658947130799667,0.26395733252413983,-0.0563824842828514,1.8244044569428523e-14,6.296324705150196,True,True
S042,11,160.0,64,19680,1.5100325380327733,3.016790141524684,0.8742028413237586,0.8816134777830466,3,,0.006140870144693007,0.2564440410666408,-0.17514418806244542,1.8143277272175912e-12,2.9535756908585764,True,True
S042,12,160.0,64,19680,1.5141866592231115,3.0547986857439318,0.8712539907242081,0.8764810909683445,1,,0.008074172788487391,0.25987228854423994,0.002656074031456762,-3.203967310156448e-14,3.9871345945557537,True,True
S042,13,160.0,64,19680,1.507580106114027,2.922096489831226,0.8198762045272217,0.8641629731519059,3,,0.0188238884552593,0.246224142602144,0.033921470588002586,4.726180704203501e-12,5.946985948783968,True,True
S042,14,160.0,64,19680,1.5976250072298952,3.007488104757501,0.8745548380251633,0.8383726432228816,2,,0.015342019457968162,0.23797311997378215,-0.07540855158373776,2.8085593666675487e-12,3.7635728372316186,True,True
S043,1,160.0,64,9760,2.16331789820572,3.7583398657657128,0.9900182728428042,0.6642033204716055,1,,0.8188415529928111,0.8188415529928111,0.8331696329360706,-1.3685422947218282e-09,14.906458262964785,True,False
S043,2,160.0,64,9760,1.5667022695685797,3.5085835931862897,0.8371400984103752,0.8952133224075944,4,,0.8385753008741049,0.8385753008741049,0.5597264558275111,2.0863339978437165e-10,8.286884475755935,True,False
S043,3,160.0,64,19680,1.806545793498112,3.6488436693645907,0.9556554114521769,0.8233549468349948,0,,0.005399036103072864,0.2734213669515478,-0.030649963015503226,8.437350158580473e-13,9.082652705078775,True,True
S043,4,160.0,64,19680,2.2917244249505693,3.714626385640707,0.9665050589653079,0.6056400382815119,3,,0.048910548624858705,0.24298958471910762,-0.2271593864837559,-8.211782506424653e-12,12.01008950907039,True,True
S043,5,160.0,64,19680,1.663867188068872,3.724016688630004,0.9452085077407464,0.8743706667445773,1,,0.002471614941921191,0.2500705731243509,-0.08908022029903595,2.5945522853438343e-13,6.499226574168795,True,True
S043,6,160.0,64,19680,1.7469552138171043,3.709160220134369,0.9485823800555487,0.8560180470721102,0,,0.014834432057316178,0.303059741171741,-0.16364092357347107,-2.0220371205598335e-13,5.592087229098525,True,True
S043,7,160.0,64,19680,1.6234463421583385,3.688020158825763,0.9244399565796904,0.8912638618831933,2,,0.004265734227633428,0.2781468908259239,-0.10239207508746649,-4.036265721881512e-14,4.89091167907123,True,True
S043,8,160.0,64,19680,1.6694408440880721,3.7447556606396377,0.9213878150820063,0.88207393841633,1,,0.15738842165405906,0.2316598826179681,0.1632588644948696,-9.83141651874624e-13,6.9133698263952414,True,False
S043,9,160.0,64,19680,2.4716976815044016,3.9072343154729636,0.9315981379912973,0.5567771264510177,5,,0.04067372524864832,0.2578328029661836,0.002479846594194181,-4.113110487718741e-12,4.400319085959239,True,True
S043,10,160.0,64,19680,2.2520109669040926,3.7503964163564594,0.9704451268296722,0.6184397993819677,9,,0.011789668088051285,0.33568371145633336,0.029361374529074273,-1.1862673399300574e-15,8.836628051508555,True,True
S043,11,160.0,64,19680,1.6715105059889732,3.794320031080217,0.9427499802719671,0.8815142473120905,1,,0.009084884248681297,0.32128439208170195,-0.04018014338194395,2.3395050376858724e-12,4.799627444332012,True,True
S043,12,160.0,64,19680,2.26428336386477,3.688981092614843,0.9631387555237592,0.6109386713515054,4,,0.007627749377825333,0.25502025465336686,-0.00889756560838421,6.984564151868027e-15,5.0804039481651095,True,True
S043,13,160.0,64,19680,1.5717476981534118,3.7015511489611255,0.9204582763784105,0.9062848475817902,3,,0.054181023705880085,0.23950842746102224,0.08913955454265497,-9.057121829064429e-12,5.706083320694497,True,False
S043,14,160.0,64,19680,1.9286190625281794,3.651053758499935,0.9542355138913672,0.7604239765710046,1,,0.013331068816200328,0.31423394103192365,0.024690359646266452,1.7973632877549126e-11,19.745696658847724,True,True
S044,1,160.0,64,9760,2.519684059707977,3.8918354376008386,0.9019369852052084,0.5474453537711592,5,,0.8555152934371286,0.8555152934371286,0.7983850993758089,5.802507164630906e-09,14.086937670318587,True,False
S044,2,160.0,64,9760,1.5587199213356173,3.591150617692914,0.862112588614796,0.9007861970143325,0,,0.7470960337302341,0.7470960337302341,0.6563423412317961,1.177860582881917e-11,10.309682973766504,True,False
S044,3,160.0,64,19680,1.9701730268831574,3.8944009396561197,0.8755933049444866,0.753777204129534,2,,0.05790814493027337,0.2313612936412989,-0.24464262083301247,-5.655848299617615e-14,9.431131010321877,True,False
S044,4,160.0,64,19680,2.3471983356294253,3.82804507856749,0.912669480059441,0.5915020363900454,6,,0.0039154774960659805,0.2295608132348802,-0.2075773717821078,1.616491607012045e-14,3.0813570341796117,True,True
S044,5,160.0,64,19680,1.6331154243662034,3.783380638030209,0.9398633221090313,0.8882032287135644,0,,0.02768708980859911,0.25366387437948607,-0.12468379767826085,-2.919872253523544e-14,13.216559913112546,True,True
S044,6,160.0,64,19680,1.6593495607891784,3.740293807728472,0.933487127118812,0.8743793723810842,0,,0.03771288111937569,0.22496777117085054,-0.011594016003948633,-1.4271068358349357e-12,6.142768075530974,True,True
S044,7,160.0,64,19680,1.6353547435355347,3.810814107779875,0.8823370472408014,0.892625485097144,1,,0.08888534914319317,0.31007406029963386,0.055408621150802126,-1.4448638572179317e-12,1.9811236889936679,True,False
S044,8,160.0,64,19680,1.6140345732518524,3.616885824371224,0.9298296438155773,0.8927457485269898,4,,0.035887295896019716,0.21976536028047355,0.00843743249509267,9.791688422982296e-14,7.690598483499405,True,True
S044,9,160.0,64,19680,1.6190685732855963,3.8430806253733447,0.8686242687550101,0.8935445966120256,0,,0.01725452871100771,0.2193555540947545,0.07379226709046063,9.245554769801107e-12,6.745510072959037,True,True
S044,10,160.0,64,19680,1.8877399556859853,3.8013653386841577,0.9489655881594803,0.7959101751826672,3,,0.058564607123839506,0.26543787519243617,0.034335150791810626,-3.1087101846076583e-13,3.7243675919951276,True,False
S044,11,160.0,64,19680,2.367695747582377,3.8974346881221273,0.8969772040719507,0.5818114394355842,2,,0.03480738509877637,0.2542171777621053,-0.2699856041157348,9.988046943922164e-14,3.8834570577871674,True,True
S044,12,160.0,64,19680,1.8043029305042264,3.798787009531898,0.9399276095093045,0.8218754567908004,0,,0.009615739423545266,0.28643597532146675,0.028790906699960903,4.938356099517892e-13,3.3880502144535236,True,True
S044,13,160.0,64,19680,1.6496285565638955,3.953533251708887,0.8834827549432853,0.8780015840112012,2,,0.04064990815452681,0.2560993631226177,-0.0072663804312813884,3.915841030979815e-13,7.344014379423581,True,True
S044,14,160.0,64,19680,1.6228273519123912,3.719940210062891,0.9373723916183566,0.8945545706286673,1,,0.00911520152868019,0.27372384545119316,-0.05855117518085113,1.143702493835245e-12,5.0347393103200915,True,True
S045,1,160.0,64,9760,1.6004669470358608,3.6950099929654407,0.8998043630389863,0.8859921620081418,1,,0.7853125022509397,0.7853125022509397,0.6984942487582366,6.91942765913569e-10,11.547450909292015,True,False
S045,2,160.0,64,9760,1.5440520000059386,3.56238161961564,0.7591836262680558,0.8689839116542739,1,,0.7649711152634403,0.7649711152634403,0.7458302585730737,-4.374545473189298e-10,13.906900917640057,True,False
S045,3,160.0,64,19680,2.359487180315605,3.713832291305316,0.9812478844440464,0.5787363815565532,2,,0.013662420204080828,0.3221599940241464,-0.07278998150152136,-8.59375257913483e-12,7.842651860370561,True,True
S045,4,160.0,64,19680,2.359875304282977,3.7781026886105122,0.9690114786706001,0.5830491566770841,6,,0.05002820933730439,0.24580065376859644,-0.10579635508817901,2.0059975964695098e-14,5.859007487024964,True,False
S045,5,160.0,64,19680,2.4624561842604757,3.7345092938152824,0.9304260337722444,0.5549808888386427,6,,0.009136006367655524,0.2585135952265449,-0.3450041103585537,2.4625635979984794e-13,7.826922682510585,True,True
S045,6,160.0,64,19680,2.299030332989118,3.7207431078489623,0.9443092546459524,0.6058125673129302,3,,0.0015766572603296634,0.23803981963168208,-0.012767575321431683,4.4357494649973503e-13,7.887513586179398,True,True
S045,7,160.0,64,19680,2.3732763209703878,3.6599270318803496,0.9569673857882119,0.5830220840211149,4,,0.023283682731481334,0.28110019788572516,0.043183998211477614,6.381631382943429e-13,7.164721603344653,True,True
S045,8,160.0,64,19680,2.251837136335583,3.7356307936287028,0.9740160790844046,0.6192468332835621,6,,0.01730921301308236,0.2357751321974584,-0.09618655031677505,7.657677419670652e-14,4.073647371101303,True,True
S045,9,160.0,64,19680,1.637658489999822,3.716436844400606,0.9130007035673382,0.8844363473417594,1,,0.010699077770869035,0.3392208767795215,-0.007611807964758228,-4.0127540974136645e-17,4.100256406417812,True,True
S045,10,160.0,64,19680,1.619833788770161,3.6808698135788323,0.9098735059823932,0.8641092746390392,4,,0.008366703517992267,0.20961373111615464,-0.26000862412605463,-7.548403517658798e-15,3.1253665686533765,True,True
S045,11,160.0,64,19680,2.197090853787449,3.618103888923441,0.9565219699956251,0.6415837075075455,3,,0.003075939083134679,0.23651320853724245,-0.1427697845532974,-1.528846245443836e-13,7.6594276883915775,True,True
S045,12,160.0,64,19680,2.400782666314714,3.738356499248495,0.9605317232505793,0.5726717133031026,6,,0.028050942621721996,0.26831147174332215,-0.18504155740842493,7.512799069787796e-13,5.786569122816549,True,True
S045,13,160.0,64,19680,2.197335731327054,3.6235559741988315,0.9638392718395452,0.645495647136227,1,,0.01579298563480782,0.2440085022684129,-0.12573440495892813,-1.0103696582519e-12,6.913015582223593,True,True
S045,14,160.0,64,19680,1.7656249087451354,3.6314432923887363,0.9671090690791688,0.829373610378614,2,,0.028590787120606986,0.30549278543132197,-0.025515438115610384,1.5708536998893086e-13,5.636478826157148,True,True
S046,1,160.0,64,9760,1.6201005284134538,3.9024127970996374,0.8463046745800114,0.8944746152223908,2,,0.8583779142186768,0.8583779142186768,0.6395315069047653,2.9590364003910017e-10,12.108788478997074,True,False
S046,2,160.0,64,9760,1.5596401606304835,3.676295241123664,0.795464318619551,0.8865994727727673,2,,0.7204450622335465,0.7204450622335465,0.6547977060414958,-4.9742551406518175e-09,10.586401133470076,True,False
S046,3,160.0,64,20000,1.6088226835534085,3.883741329446022,0.8608922724068178,0.890855700626453,2,,0.670565368451521,0.670565368451521,0.6505794570493862,4.3028856721244896e-14,6.4940542197264275,True,False
S046,4,160.0,64,20000,1.598885054212468,3.718676911072387,0.8622960292345608,0.8876370777817923,0,,0.7731151264412535,0.7731151264412535,0.7312026400736755,3.3949597314831433e-12,6.846101227544314,True,False
S046,5,160.0,64,20000,2.5737342297374872,3.8955755133919316,0.8677821299697981,0.5271773524213561,6,,0.5357374417183128,0.5357374417183128,0.5511551058030177,-3.308961146618489e-12,5.39402451821013,True,False
S046,6,160.0,64,20000,2.306728351919287,3.695479141361818,0.879895076282718,0.5905350499684223,2,,0.807223142538487,0.807223142538487,0.8123820225227717,1.3288448194768714e-13,7.202843231316955,True,False
S046,7,160.0,64,20000,2.359525959439771,3.846243866205045,0.8747626403031419,0.5841777879407071,2,,0.5177046582191237,0.5177046582191237,0.5442745363901101,-6.304184824292948e-12,17.899239667203606,True,False
S046,8,160.0,64,20000,1.5327561040249833,3.72496771867885,0.8842236475380469,0.9049811295684005,4,,0.7894490238400086,0.7894490238400086,0.6765292776188723,-1.220770527558004e-13,10.145455106638545,True,False
S046,9,160.0,64,20000,1.6448701612584318,3.830223497731139,0.8622275241566437,0.8858057190747894,1,,0.4483751799690977,0.6608663598229669,-0.22002925878207857,1.0151207371787821e-12,15.354086252145077,True,False
S046,10,160.0,64,20000,1.5628739472584408,3.666226873189074,0.9101157835509877,0.8979660234156339,2,,0.7937076091882049,0.7937076091882049,0.7838051058121597,2.7080779268167866e-12,8.548012842161238,True,False
S046,11,160.0,64,20000,1.6394853037849981,3.828632450489864,0.863915270437519,0.8741429996922596,2,,0.43466474457050464,0.43466474457050464,0.4862832397910066,6.406881766976753e-12,7.484975541597768,True,False
S046,12,160.0,64,20000,1.538194173616948,3.690333146616384,0.8708174759803959,0.9057384370962052,5,,0.8710098945746176,0.8710098945746176,0.6945630707466144,-8.580698290767419e-13,6.539313938706186,True,False
S046,13,160.0,64,20000,1.6821564371227127,3.8277311312717295,0.8221614141509839,0.8702273917187169,2,,0.7039315352354135,0.7039315352354135,0.7098159801318518,-5.8359126909794244e-12,3.2923441761329797,True,False
S046,14,160.0,64,20000,2.513844311259096,3.82968433880402,0.8963608948444125,0.5449378175073071,3,,0.6950786449970592,0.6950786449970592,0.6951335849927746,-2.3400003649756364e-12,5.385024581756726,True,False
S047,1,160.0,64,9760,1.6425356449922248,3.6053619499503355,0.8345369022752267,0.860926660301328,2,,0.8219029587686998,0.8219029587686998,0.7773482776994697,3.0302440105037595e-08,28.579861976416158,True,False
S047,2,160.0,64,9760,1.548293462840006,3.39112096621214,0.8166310510651932,0.8920480339002468,4,,0.867913889879513,0.867913889879513,0.7563507893917225,3.823371309891993e-09,11.965139748927978,True,False
S047,3,160.0,64,19680,1.5262342152362018,2.806977220255483,0.8220499807851345,0.8417563739733949,2,,0.022361448666700423,0.30227450817028195,0.028243987699066185,3.7525522103401584e-13,4.110348411801321,True,True
S047,4,160.0,64,19680,1.5706229728930587,2.839073443892792,0.8516364543649402,0.8481318203132642,2,,0.009042041846072012,0.27849743492178497,-0.12299431511878087,2.0730989479925465e-12,7.182861479514044,True,True
S047,5,160.0,64,19680,1.588052874140455,2.944479255564074,0.8222550571069402,0.8511292837414853,5,,0.007714352008762002,0.2317901478018146,-0.1338480716343935,-1.8499472261391276e-13,2.8167394874047185,True,True
S047,6,160.0,64,19680,1.619142782478252,3.1730010175949888,0.8706803192558283,0.855028189211287,2,,0.04460952245052843,0.2569825397061335,-0.08053005505775591,-5.617980290807422e-13,4.799109601742833,True,True
S047,7,160.0,64,19680,1.66019764538572,3.1858780073291584,0.8690427985713802,0.8306629002994104,1,,0.022946958337497242,0.29086447644690905,-0.028738432335268058,1.074687670526303e-13,3.8810656530139016,True,True
S047,8,160.0,64,19680,1.5190264860901652,3.206149252927163,0.8742556238983874,0.8931720076495298,0,,0.026496773098308522,0.28997211695298697,-0.022932578021833853,7.694882205071889e-12,4.941304021045615,True,True
S047,9,160.0,64,19680,1.5909549021019922,3.2566939915270705,0.8961787011095035,0.8822620438517738,0,,0.031386359490489076,0.28679770063881993,0.018790036769999442,-4.353086121664467e-12,2.9267612038210924,True,True
S047,10,160.0,64,19680,1.5688444951814935,3.203634975613783,0.9021503972370051,0.886849618447949,2,,0.0263426771930314,0.2553073284909764,0.07012970080370522,8.246654115080999e-13,7.253130084413836,True,True
S047,11,160.0,64,19680,1.5478450391496454,3.1369980236598423,0.8833992861974294,0.8785746905326903,1,,0.030836150579316476,0.2539180711795327,0.028481121197767235,7.160047419592337e-13,3.463667616462048,True,True
S047,12,160.0,64,19680,1.6169421229442817,3.1302813603677597,0.8952694196815707,0.8566821438134858,1,,0.011393859107772956,0.26387104777394343,-0.012051212031028075,5.304876686530827e-13,5.029506436856938,True,True
S047,13,160.0,64,19680,1.6090916391521861,3.38054361148615,0.8749985368608464,0.8838413735569866,1,,0.0046890803060003206,0.24667662702430082,-0.09844617005941758,1.1038090831703776e-14,2.7643122194669822,True,True
S047,14,160.0,64,19680,1.5540485253475342,3.3813905260496666,0.8564499677299886,0.891672270897753,2,,0.11048093774261518,0.24600944035470002,0.04044932238170307,-8.256025450379122e-14,6.346235452832908,True,False
S048,1,160.0,64,9760,1.56933461238954,3.777365346012912,0.7812599669617929,0.876592668812137,3,,0.8332890495195502,0.8332890495195502,0.8113465863026996,-9.766408390141239e-09,8.997115234815293,True,False
S048,2,160.0,64,9760,1.5483576996588209,3.6158875970623185,0.8314426601793162,0.8964489540954576,3,,0.5544135264244824,0.5544135264244824,0.8173932644201954,1.9171320828024753e-08,8.44394346961789,True,False
S048,3,160.0,64,19680,1.4923675836691417,3.8224030645256892,0.8163505177565062,0.8969480461925442,1,,0.019524157870855346,0.30816582319932334,-0.07446851575999636,7.891618096615412e-13,4.984788530593289,True,True
S048,4,160.0,64,19680,1.5687702052991201,3.540927234460443,0.8245408111407095,0.8850816902883543,2,,0.011882340447714846,0.25173532078132627,-0.17525345964259625,-1.9567040029354934e-12,4.489809639532026,True,True
S048,5,160.0,64,19680,1.5595826971248918,3.7771024204292925,0.8426098417405148,0.9002092486917025,1,,0.03893638277598042,0.23744261102286454,-0.058765118214598455,-2.3004250702308475e-12,3.2742751733602615,True,True
S048,6,160.0,64,19680,1.64968008360349,3.6326389679865536,0.9258469812789436,0.8790045047508168,3,,0.01461764659482772,0.2838344948869204,-0.05820376839289981,-3.127719028336667e-13,3.8994503585957263,True,True
S048,7,160.0,64,19680,1.5666097163528891,3.698224690235593,0.8178932161373078,0.888313447642098,2,,0.07023564313947037,0.2759604262990952,0.04589823522780661,5.140561596042951e-13,6.054138963411728,True,False
S048,8,160.0,64,19680,1.5906346541329226,3.715625947655771,0.8357240281227317,0.8913053124991358,2,,0.02722569148634521,0.2789095334953485,0.006021422797809664,-6.379726812792661e-13,4.024329355331866,True,True
S048,9,160.0,64,19680,1.5777060887905376,3.7677303597544904,0.8721693247466487,0.8995698423330047,2,,0.008079746331084891,0.22580775698002284,-0.04567894467064451,2.4267605731389428e-14,6.560141614273776,True,True
S048,10,160.0,64,19680,1.5834360823343123,3.715691981422064,0.8837198894599165,0.8991436084062544,2,,0.01782404747826816,0.25163823380833483,-0.00825130289753319,4.860134081533109e-13,5.1748650167885355,True,True
S048,11,160.0,64,19680,1.5792603854011142,3.744901228243563,0.8807214591865248,0.8962204251769856,2,,0.006233719244919033,0.2484760540532725,-0.007504304765496919,1.53228540155546e-12,12.890636245244469,True,True
S048,12,160.0,64,19680,1.535278257785592,3.6384718157224896,0.8237638062179952,0.8958517338254723,3,,0.04834575963716778,0.28980627517881397,0.008094148429865083,1.0621505639196795e-15,4.584377529726867,True,True
S048,13,160.0,64,19680,1.6334477602682922,3.7852875206121976,0.8738958729115205,0.8778795283678664,2,,0.03446082106699698,0.2755233252191083,-0.01426430816582444,7.86028647671829e-14,5.789101846522704,True,True
S048,14,160.0,64,19680,1.588696725785815,3.6364936953648193,0.863170509754519,0.8954410487512502,5,,0.028363636265018182,0.23146452374538998,-0.08088857940943181,-1.7543862425330597e-13,4.62050994639349,True,True
S049,1,160.0,64,9760,1.6458862411524666,3.8576202616688122,0.7893008049820265,0.8524055710996936,2,,0.6656702564756125,0.6656702564756125,0.8204312127845301,1.7180369482193507e-08,15.30198799768037,True,False
S049,2,160.0,64,9760,1.5105267823722905,3.6827933228300953,0.7468623252117502,0.8811571414304777,3,,0.7953716066123648,0.7953716066123648,0.7007840709716261,-2.5969452513343756e-08,10.986237213420639,True,False
S049,3,160.0,64,19680,1.5354394398339397,3.8139132010693846,0.8012674193861223,0.8855921320162805,3,,0.008602197168642571,0.3296081992251356,-0.05060594427022867,1.256743493663055e-12,3.8582316552603295,True,True
S049,4,160.0,64,19680,1.5492572162730975,3.676703133521355,0.806218326015035,0.8918966641668388,4,,0.037734790851256916,0.2345433626359345,0.022940776999927442,1.653578171796026e-14,4.777254363643174,True,True
S049,5,160.0,64,19680,1.5106413842188546,3.7627756666884036,0.8169101051074557,0.900112140887361,4,,0.022478912511352183,0.27691435944848497,0.0008769006568688752,2.755217173891799e-12,2.6362230831618696,True,True
S049,6,160.0,64,19680,1.5275676617991012,3.8028439407240526,0.8040614823266363,0.8942128907832981,3,,0.020195344794174792,0.2714828219756802,0.03215399032762434,1.8623944336769022e-13,13.368024765954454,True,True
S049,7,160.0,64,19680,1.5607799439116379,3.821216384828027,0.8165194486375994,0.8902217061153728,1,,0.009506409434545584,0.3154544365923297,-0.012662663414371195,-1.2291434462070818e-12,3.3353023162367497,True,True
S049,8,160.0,64,19680,1.6117718301059654,3.857364585675384,0.8166384835012723,0.8796352694507026,1,,0.047364313988551766,0.23973858061657385,0.07696793796820359,-7.127820982857879e-15,7.075745198225145,True,True
S049,9,160.0,64,19680,1.5499219558188466,3.758566451430617,0.8424375515587066,0.8965548307092532,1,,0.0244043123028101,0.23159840106035423,0.043926217822529416,1.7351585425709175e-11,3.929700898604815,True,True
S049,10,160.0,64,19680,1.5320672916371407,3.800248915107727,0.8174546200319212,0.9057647320825093,1,,0.008047565968488643,0.25355585889381616,-0.022607077928962913,1.9716292224411427e-12,3.4172581559303516,True,True
S049,11,160.0,64,19680,1.579719434120049,3.716242053105213,0.8233484970402205,0.8812304234163056,3,,0.016602697724767114,0.43073184820820626,0.048130427159578826,1.5653726399930896e-11,6.04168342743607,True,True
S049,12,160.0,64,19680,2.3305582487530074,3.958720244829784,0.8441201898035375,0.5946957977975424,4,,0.03710938082384041,0.2853312555675723,0.09660660087583955,-3.183214107341727e-12,2.1882970830996036,True,True
S049,13,160.0,64,19680,1.5668977135839852,3.7103352146324857,0.8288879721757998,0.8767361573476885,1,,0.01814607958496415,0.2915620114713307,-0.040399152283027415,2.477698964015207e-12,7.9280403943336575,True,True
S049,14,160.0,64,19680,1.5299698242094175,3.7310349097093534,0.8328679183410979,0.900619862685957,1,,0.021248208100614306,0.3844404772297192,-0.10238346858455721,1.7211419132305177e-11,5.247278889793609,True,True
S050,1,160.0,64,9760,2.2740929280159214,3.5964797621744466,0.882674937832216,0.6089891140597901,0,,0.9391488090216308,0.9391488090216308,0.840384620374284,6.639833529364367e-09,17.354179876634706,True,False
S050,2,160.0,64,9760,1.4853831217349698,3.45406505634043,0.8708750907315987,0.9111072259899092,0,,0.7694608057655232,0.7694608057655232,0.19174209418452132,-1.4067378313420487e-08,7.267525266002468,True,False
S050,3,160.0,64,19680,1.6247524379074498,3.660727374708501,0.8530340770291864,0.882433879717702,2,,0.016212620129050993,0.27833870327139004,0.03553132897540589,-3.134232063203792e-13,6.189449596174307,True,True
S050,4,160.0,64,19680,1.5802991067863716,3.369111867444106,0.8616446127337551,0.8785042465616304,1,,0.03155732488394643,0.28252880406384373,0.0003414012409939382,-2.3968146384015834e-13,8.73427102564846,True,True
S050,5,160.0,64,19680,1.5364687126797105,3.61998338835613,0.8817820083155243,0.9015570048554424,0,,0.04183289775395334,0.36038319712349365,0.04576229503708422,7.724066140429971e-12,5.478913396919032,True,True
S050,6,160.0,64,19680,1.5996337929130529,3.3596121222659,0.8578522696635631,0.8606666919850656,1,,0.014088573779457027,0.2789832710181588,-0.0071634100859140955,2.411447042922543e-13,5.039038083567263,True,True
S050,7,160.0,64,19680,1.6136165392413715,3.425722680802761,0.876730064573412,0.8807112808652344,1,,0.04208278410116955,0.23017240732011646,-0.16378101342621154,-2.1953709737316315e-12,4.472648401349339,True,True
S050,8,160.0,64,19680,1.5559625324249953,3.1748220514695085,0.8545776126801226,0.8846006331426102,1,,0.02201580187114929,0.23242028998025283,-0.03822580754610568,-6.472642840800456e-14,8.169087684131801,True,True
S050,9,160.0,64,19680,1.5842445584428282,3.5795124246994785,0.8671354654511001,0.8984257339755546,3,,0.0471685415420488,0.3275513308979511,-0.04116577411144422,2.3901381995932224e-13,5.371434778240236,True,True
S050,10,160.0,64,19680,1.5842915978588703,3.279605371694693,0.8581432645297422,0.8729891478155443,3,,0.10729629002260485,0.2834819919048351,0.22764041334793322,5.5358054833056144e-14,8.35993576699789,True,False
S050,11,160.0,64,19680,1.6347514294479168,3.5806108729019384,0.8480600279816928,0.854556851838896,2,,0.061982562280959955,0.24209163941873457,0.06749421521039074,-2.842952789252788e-14,3.2449142124136716,True,False
S050,12,160.0,64,19680,2.1580521856459267,3.4002293977493965,0.8607037820796953,0.6417697528064968,3,,0.1250650403787615,0.2665178629330334,-0.003142142515122296,-1.1890500647232924e-12,8.280725921549843,True,False
S050,13,160.0,64,19680,1.6274206945057368,3.641831752351165,0.853652061734623,0.8766251201285091,1,,0.006417971459444325,0.6733247499404938,-0.739858700734134,2.35201774819148e-11,5.719633124034978,True,True
S050,14,160.0,64,19680,1.553210490752907,3.3896308952332523,0.8347304169263776,0.8871456171886178,2,,0.009548776627162896,0.2898677250405753,-0.031368350093003296,1.673769692769705e-13,5.770902664468068,True,True
S051,1,160.0,64,9600,2.443931721622591,3.3769982638518075,0.9263588021653315,0.5432047064096149,2,,0.08446127238412947,0.4079267854318528,0.05807876303707593,2.322085822792108e-09,27.04950821851851,True,False
S051,2,160.0,64,9760,1.5892499530000812,2.7262703915286846,0.7971551571754858,0.8233276578305367,3,,0.7088623542396172,0.7088623542396172,-0.06340223220904186,3.128895785315932e-09,13.465850756028281,True,False
S051,3,160.0,64,19680,2.480394450009807,2.7438450340973795,0.9537231027208908,0.49547944236616304,10,,0.01111734935950568,0.2625677902031119,-0.256648397944658,8.85274531172396e-13,5.971070304020269,True,True
S051,4,160.0,64,19840,2.46869686616917,2.9146811982795633,0.9308879884219083,0.5199147346562715,9,,0.8069483551245558,0.8069483551245558,0.8082620823440926,-1.1067775375038725e-13,7.098165334899811,True,False
S051,5,160.0,64,19680,2.3320526544263034,3.0760520509324007,0.934450387887727,0.5627947085071413,4,,0.005734750137299864,0.29862486472958644,-0.037454301365152154,4.901899932867256e-13,4.552389817528636,True,True
S051,6,160.0,64,19840,2.474482407029045,3.0436917680764046,0.9519390636100284,0.5240095364664087,7,,0.8993071953876718,0.8993071953876718,0.8518946726480874,-1.893912522529722e-14,6.875284199798137,True,False
S051,7,160.0,64,19680,2.128413282628142,3.1452303592187825,0.9161191820523669,0.6506782073605872,7,,0.015231349094762819,0.32786147253321996,-0.0320264672088344,2.1195771105674028e-13,4.121856451601534,True,True
S051,8,160.0,64,19840,2.4051654899425516,3.054664068212448,0.9343705825795857,0.5406041600108009,6,,0.8691765979356071,0.8691765979356071,0.6756917567253857,-2.2119654932598973e-11,10.585191915269334,True,False
S051,9,160.0,64,19680,2.3376002748429245,3.318679770542884,0.90714918756333,0.5782278187319109,3,,0.005665350242457392,0.30614746891590816,-0.02375016822254228,3.791885397578706e-11,6.820766583242314,True,True
S051,10,160.0,64,19840,2.5233206663818812,3.0830862782275266,0.9464648572495731,0.5164896168558921,8,,0.5778103986048813,0.5778103986048813,0.4426594891364659,-2.2445187035485247e-12,8.99648127224303,True,False
S051,11,160.0,64,19680,2.6194871395410972,3.168902935959727,0.9210908771995376,0.5073750549895903,9,,0.0851828999516695,0.3049650108277529,-0.00836827922570687,9.363331465859745e-13,6.890828681040776,True,False
S051,12,160.0,64,19840,2.491714952875269,3.168411825623678,0.9097992495115803,0.5293595660194239,6,,0.7171883292944334,0.7171883292944334,0.3123408474282466,-4.3357577534042966e-12,11.494276778520373,True,False
S051,13,160.0,64,19680,2.536568300063684,3.3889778011536063,0.912891365192912,0.5267813414187743,7,,0.06557852208625836,0.26664983323346547,0.06672010717456964,2.5689724177315735e-13,11.680059184682442,True,False
S051,14,160.0,64,19840,2.4556917352501837,3.0851772753191766,0.9712073228205454,0.530920210510025,7,,0.7250315261907997,0.7250315261907997,0.6728694911600348,1.3685294307466312e-12,9.52724709428185,True,False
S052,1,160.0,64,9760,1.5634524554925544,3.727220223115671,0.8289493183353539,0.8975254596083131,1,,0.7647741660538562,0.7647741660538562,0.9192083844240506,-4.590450555496675e-10,13.92761246206152,True,False
S052,2,160.0,64,9760,1.524663610315903,3.7250161209710306,0.8043883801817522,0.8979445122784379,2,,0.5284145623582482,0.5284145623582482,0.8018016399134184,3.13077405173435e-08,15.113563869839972,True,False
S052,3,160.0,64,19680,1.6143092727470445,3.81476428506994,0.8739780215727555,0.889281772494191,2,,0.0008608698694260878,0.2366490574884627,-0.1266141773100471,7.630285614813923e-13,40.84217046919728,True,True
S052,4,160.0,64,19680,1.6179361881619099,3.648155658654226,0.8679250127738227,0.8895331670899219,2,,0.022392057217307526,0.2685407533405292,-0.0342762581895868,-8.383492915511265e-13,9.480259596699637,True,True
S052,5,160.0,64,19680,1.5914718665204473,3.8170920794149135,0.8645267504198468,0.899991863419587,0,,0.026680651737194278,0.2869520820403488,0.024012252381272844,1.4573643105571326e-13,5.758359097935341,True,True
S052,6,160.0,64,19680,1.5514609418472747,3.706706206892102,0.8617680677917395,0.8928348755406035,5,,0.014944841115961628,0.23828920554573432,-0.04109850272415742,9.642149930805735e-14,9.704845372497463,True,True
S052,7,160.0,64,19680,1.5841176293944321,3.74842487547187,0.8827244448271339,0.9074245191501304,3,,0.02710351607427467,0.2575381533043544,0.04965409587696612,-3.348072074780297e-13,5.161096560906823,True,True
S052,8,160.0,64,19680,1.5905453361710866,3.732269373850239,0.9145216914881947,0.8972774542958072,2,,0.008077644086341852,0.9328814496935601,-0.9647607258758661,5.900504471051306e-11,11.311164980542388,True,True
S052,9,160.0,64,19680,1.6025730092043642,3.6500037259627063,0.8898133864593967,0.8991527603571855,4,,0.06393783839804688,0.31770015725704825,0.03556857935938115,7.93582483029482e-13,5.280361647172888,True,False
S052,10,160.0,64,19680,1.6291603332679954,3.5430479420211225,0.8790308166039632,0.8858327559512125,3,,0.023157909715966738,0.29402399838552656,0.05231537181002391,8.574119570313173e-13,3.7524631573800065,True,True
S052,11,160.0,64,19680,1.5508573740512412,3.708617425745711,0.8428347885176244,0.9010571435998884,3,,0.005566493596581446,0.29557521957470384,-0.021350796984924342,6.505173534111119e-13,7.8832436670254085,True,True
S052,12,160.0,64,19680,1.6119498804035959,3.715355964426548,0.8496689395644246,0.8861102308996028,0,,0.004691979341347286,0.2802387036721982,0.014493508323470298,7.680962998918674e-13,8.622483696422597,True,True
S052,13,160.0,64,19680,1.5190753523850826,3.7181518630562147,0.8616719132170554,0.9067233735777125,4,,0.026272175463755133,0.26488221943115503,0.056366172011867124,1.8553791254527515e-13,4.048576782754132,True,True
S052,14,160.0,64,19680,1.594474552555183,3.7244125804856267,0.8457053199803173,0.8924419420671614,4,,0.018295271351332965,0.2826406788720296,0.015560471475991766,9.272293555802276e-13,15.525567543494041,True,True
S053,1,160.0,64,9760,2.615215471526996,3.9527850497475834,0.9155430927925341,0.5261431630126755,4,,0.8061874684385836,0.8061874684385836,0.7389713226607795,3.574093174195336e-08,10.31128705040916,True,False
S053,2,160.0,64,9760,1.5306396062630387,3.706309972128101,0.7350931144581272,0.8595951210465242,2,,0.7825849615217451,0.7825849615217451,0.6916635568647909,-1.7581633970025877e-09,7.864053026471011,True,False
S053,3,160.0,64,19680,2.200960959360616,3.872700279754792,0.9075439941465488,0.6397291950637416,2,,0.003535628933429568,0.2758275126750063,-0.060951040720582016,2.2052966890990266e-12,3.962268937000914,True,True
S053,4,160.0,64,19680,2.4789738838278383,3.9140214143441123,0.9305132446425742,0.5533400057037223,9,,0.046272107814893174,0.21858281043478003,0.047390118090359507,6.942748672942434e-14,4.029008361940824,True,True
S053,5,160.0,64,19680,2.7665236442625156,3.907084451393014,0.9721700097323545,0.5128564321418921,6,,0.018270626792188875,0.2406898304068284,-0.05402357877718775,-4.904945520832716e-13,3.4595249757485016,True,True
S053,6,160.0,64,19680,2.4964482626312834,4.005334293283263,0.9187364781107339,0.5510449800409538,5,,0.03384887453457969,0.2507944289071436,0.11724524034596534,1.06223256675001e-12,5.051021670207235,True,True
S053,7,160.0,64,19680,2.3950553797686194,3.9179378853316984,0.9381629533540081,0.5756375531170356,9,,0.01261893700470405,0.24391012625143962,-0.19538715143397448,-5.385359299200622e-13,4.357482719673622,True,True
S053,8,160.0,64,19680,2.622474031732205,3.782022335551468,0.9217573840365363,0.5254904580263029,7,,0.04809390598668468,0.2652404945386357,-0.003794268806849719,-1.4504231635269286e-13,3.697288645135803,True,True
S053,9,160.0,64,19680,2.3107116500963887,3.8713952390256265,0.9301425648350399,0.604820464831467,1,,0.09045154145305173,0.28488635080600694,0.03839204579136321,1.2528506928331674e-13,4.673912958610797,True,False
S053,10,160.0,64,19680,2.6317945474363222,3.9315751934888605,0.9585966767361728,0.5262992327595821,5,,0.015956698943447895,0.2768372045225047,-0.056585670221919834,3.5070788963301363e-12,3.0496902563061683,True,True
S053,11,160.0,64,19680,2.6644602107019617,3.968200561704834,0.9442170299537267,0.5208606474534256,7,,0.02153826892306112,0.31085398766624744,0.09963734823967178,2.8918709748480965e-12,5.3051831185817395,True,True
S053,12,160.0,64,19680,2.1333419730228105,3.8833141383150322,0.9260230078789398,0.675512187882809,2,,0.12122268430561056,0.21826890632222068,0.06160220214166351,-4.37616069569085e-12,4.881252913882299,True,False
S053,13,160.0,64,19680,2.1094439799139906,3.843608504105509,0.9227225430307511,0.6915221690861781,2,,0.023514614779033764,0.29033047207116797,0.06525592607338696,-1.667663024726891e-13,4.4815107419451135,True,True
S053,14,160.0,64,19680,2.2024550773729965,3.8643874650063257,0.9565553105055906,0.6453529219431825,4,,0.026725543949041114,0.3026383999642024,0.02663667526082686,-4.185580990677145e-12,6.642135571628537,True,True
S054,1,160.0,64,9760,2.5052240285668854,3.8117795766035725,0.9394514030471706,0.5523677148404904,2,,0.8078027948618673,0.8078027948618673,0.6139883395539781,3.859271704676065e-09,8.375280029465632,True,False
S054,2,160.0,64,9760,1.504650688927834,3.772497559238743,0.7990476530556497,0.9102805386587656,2,,0.767052750362727,0.767052750362727,0.7317780726869316,-1.1825597670146205e-10,6.715580650663124,True,False
S054,3,160.0,64,19680,1.675170661801899,3.8425559018111115,0.9088142411839812,0.877436534581149,3,,0.00937207566530563,0.2705679315787609,-0.06285842117839922,-6.3472656479138e-14,5.512445611670286,True,True
S054,4,160.0,64,19680,1.653373094406981,3.871124111802062,0.8730884823085897,0.8817498606213132,3,,0.0029629890855631586,0.27032409523447715,0.008879492761510108,4.0846540041678513e-13,6.3175407107692845,True,True
S054,5,160.0,64,19680,1.8409646697187945,3.823898047864006,0.9204099039499447,0.808987543018854,2,,0.02736006583023484,0.21798923933337205,-0.0609916495850755,4.14562830139876e-13,5.449545182714064,True,True
S054,6,160.0,64,19680,1.7834613900915395,3.804893531959295,0.9106309277134049,0.8348369477439385,2,,0.05180703819161258,0.3118720526744912,-0.07507611027144753,-4.85387767617212e-12,9.062616271849441,True,False
S054,7,160.0,64,19680,1.8465799060714412,3.832805334693365,0.9209217999776043,0.8152501535643579,2,,0.008815914305603322,0.3279160791577341,-0.022903313222657443,-6.788895321183611e-14,4.374426584300657,True,True
S054,8,160.0,64,19680,1.5990728147050945,3.753799177347058,0.8632494159917854,0.8937774013000982,3,,0.017420100892249483,0.247805603684558,-0.06063343163904428,7.782829019198873e-13,9.347590507459964,True,True
S054,9,160.0,64,19680,1.5525327027281843,3.8197447716379163,0.8752486405027584,0.9141137357570478,1,,0.026031365583019436,0.2600899943085051,0.013962603810757958,-4.969829187993417e-13,6.3693563606315,True,True
S054,10,160.0,64,19680,1.6063836101447546,3.768664480745465,0.8967464932124211,0.8981936405213735,0,,0.01939304169888701,0.2823782069647728,0.005418272931200584,-1.2163264969346172e-12,5.999877070337931,True,True
S054,11,160.0,64,19680,2.256803727683378,3.898496551355045,0.8776218848739751,0.6181675096401732,1,,0.053432246854812696,0.3192734733075171,0.0890664832263326,1.4061465304996018e-11,4.886546084912074,True,False
S054,12,160.0,64,19680,2.2714704957750262,3.897459454607032,0.8788094190104199,0.620215194048368,3,,0.019062416262066187,0.2494937716879642,-0.011487615587516153,3.685510938107695e-12,5.363131901346099,True,True
S054,13,160.0,64,19680,1.6397475937378292,3.885360912682752,0.9063717179951458,0.8820314017386386,3,,0.015187449732312326,0.25312536310102507,0.05264043241763734,1.2412201717047525e-12,4.262417115533404,True,True
S054,14,160.0,64,19680,1.6351739115740425,3.7966875798850834,0.9074044291905872,0.8874637742157313,3,,0.014190890270160801,0.2491303861600759,-0.1896909767650076,1.0136160389469675e-12,4.393914861129143,True,True
S055,1,160.0,64,9760,2.4951620931607366,3.589356834711535,0.8771841481105742,0.5410142678337844,3,,0.7509454383334183,0.7509454383334183,0.7452807249789682,3.322443392951842e-10,10.609240351916657,True,False
S055,2,160.0,64,9760,1.5480204969417044,3.524071657970042,0.9411010590637512,0.9054450652636842,1,,0.8395177048304924,0.8395177048304924,0.7417416165240576,1.3038121354025987e-09,10.178684377135928,True,False
S055,3,160.0,64,19680,1.596901108312654,3.3163990428743855,0.875968613121265,0.8722447847741301,2,,0.011833972056953199,0.2619577498941307,-0.0015882828880053185,8.31741423337774e-14,3.511654351248504,True,True
S055,4,160.0,64,19680,2.15313151451683,3.4251668576273424,0.8610235601907434,0.6535328798847733,2,,0.02245111319219702,0.24808263692188923,-0.049052347605291195,5.19310901961795e-13,5.504809809701523,True,True
S055,5,160.0,64,19680,1.8271823828633453,3.457934749390916,0.92332970917138,0.8108888033480955,2,,0.028784467092711496,0.302884589896247,0.019641455296287275,-1.2830137632365881e-12,4.7062593663550825,True,True
S055,6,160.0,64,19680,1.8419344774153652,3.448451716756467,0.8965854646665434,0.8074745875107048,2,,0.048309776151120976,0.2990727941347307,0.014366294510998606,-2.8452238864583654e-13,5.378113658303303,True,True
S055,7,160.0,64,19680,2.273574777263218,3.4396762587574417,0.8962783711859965,0.6008169757132052,6,,0.0034519874941441805,0.2659448986441071,-0.05715777850830947,4.089878093726195e-12,4.050534287819781,True,True
S055,8,160.0,64,19680,1.5278525293498797,3.3679395103577416,0.8855359971830159,0.9009623806419391,1,,0.04265410760052403,0.30845206485454946,-0.010310446553673667,-1.485804471257443e-13,5.399490786280229,True,True
S055,9,160.0,64,19680,1.627968737746038,3.4533014797879398,0.8752819731313894,0.8857499523728851,2,,0.013629215828668627,0.27941415780825396,-0.08294546271747032,3.3534986916452014e-14,3.7859012304987467,True,True
S055,10,160.0,64,19680,1.6204841120313542,3.2967981804736475,0.8799294710511072,0.8708437713330822,0,,0.015480430485295741,0.29210495871165437,-0.228778891726435,2.104884238635372e-13,4.516862335904182,True,True
S055,11,160.0,64,19680,1.5794353149601614,3.411652690035191,0.9186985226672018,0.8823010733599257,1,,0.011693710336788284,0.296764359371549,-0.03509990748355579,9.22005450385048e-13,7.5311337734629875,True,True
S055,12,160.0,64,19680,2.402544164097228,3.4497882542958282,0.8917534019202374,0.5661119451387808,1,,0.03229373991036361,0.21291763206949615,0.06027566386795423,1.735860608679692e-13,3.7852917384460048,True,True
S055,13,160.0,64,19680,1.6048401206022063,3.43133851369174,0.9129458354181696,0.8814137722128854,3,,0.054339375906856516,0.23295896808624802,0.05729983055244551,1.6018040759440175e-12,4.67243164575567,True,False
S055,14,160.0,64,19680,1.6164552238768455,3.373364620760819,0.9199762826595839,0.8884487177288393,6,,0.016845467184049973,0.30929546906655364,-0.15465825690291868,3.8668551726593613e-13,3.845715828664221,True,True
S056,1,160.0,64,9760,1.4854050260104907,3.7355703982131248,0.809796758766387,0.9110424252873285,1,,0.8476383619349948,0.8476383619349948,0.7447351175373417,2.431031009703122e-08,14.219294578261659,True,False
S056,2,160.0,64,9760,1.4933400991670371,3.6752663518673234,0.8055998804870874,0.8969466933298264,3,,0.8858811417097593,0.8858811417097593,0.743193668518143,2.461508654266279e-09,8.304208259650313,True,False
S056,3,160.0,64,19680,1.5920714643368266,3.8015354502426986,0.8627604981152386,0.8977030934153382,2,,0.03341869307930017,0.24763973504605663,0.04491809175179852,6.161021660564916e-14,4.798023231677335,True,True
S056,4,160.0,64,19680,1.6006597998386642,3.727902777845503,0.8192610105739304,0.8613494361927849,2,,0.011782844787654071,0.31546482329521663,0.05039762954395863,3.448131626795364e-14,3.16833590587061,True,True
S056,5,160.0,64,19680,1.5212595103686202,3.7870947573709435,0.8597487245337947,0.9073477495920035,0,,0.030987387081185938,0.2762014859288812,-0.017423688242270648,2.1058782337523178e-13,6.714856734952911,True,True
S056,6,160.0,64,19680,1.5502932775829712,3.545233798461857,0.8800537960469591,0.8931178575401261,2,,0.013584741828064607,0.22631757584825005,-0.017411604586331616,3.1240522708152973e-13,5.389459470322191,True,True
S056,7,160.0,64,19680,1.62760565783337,3.7535810163261725,0.9076649907587185,0.8881545052408781,0,,0.015257464547176676,0.2629198840982114,-0.023645864846955494,1.1553448049467717e-14,3.784476915447409,True,True
S056,8,160.0,64,19680,1.5561006873179386,3.778897393709568,0.9094988283563978,0.913177754834559,2,,0.007806166972560932,0.28840488020270927,-0.06821846343775424,2.6725228874862616e-13,5.5053800219515185,True,True
S056,9,160.0,64,19680,1.652491823591218,3.6552059171380864,0.9262226878467249,0.8827832760152052,1,,0.01017044950644115,0.2975080109140236,-0.0004995787035937393,7.28121046527438e-13,5.084809376852836,True,True
S056,10,160.0,64,19680,1.5963910892919353,3.7528254895101596,0.9081494919908399,0.8980622554868789,1,,0.04769455010932077,0.23875136303831937,0.03942097136022038,4.398346744645983e-15,7.682669570475281,True,True
S056,11,160.0,64,19680,1.7235333805560158,3.8707425001047886,0.8940165331181708,0.8525986377543291,4,,0.08906430642038958,0.28300422205964104,0.0347688845000459,3.034752767714896e-16,4.123637595206629,True,False
S056,12,160.0,64,19680,1.5108567334581076,3.7301078027885284,0.8792389161645371,0.9123470718011555,0,,0.01706814134128865,0.22827364124344218,0.058871614176569956,-3.4064563722067334e-13,4.17676593559464,True,True
S056,13,160.0,64,19680,1.4866406035216966,3.7856686712489873,0.8728522362921708,0.924932511302309,1,,0.0338698139993869,0.2535125093063407,0.08464032607211587,1.4805502909670746e-13,5.019290726331965,True,True
S056,14,160.0,64,19680,1.5609889539311832,3.7246191260693893,0.8849286985333167,0.8952015902493666,0,,0.009731844565187785,0.26751533101479763,0.011869763056273804,7.660202102976607e-13,5.658971741122239,True,True
S057,1,160.0,64,9760,1.6545886869098405,3.667060145504273,0.9652400599685362,0.8879029030817185,0,,0.8499287085433603,0.8499287085433603,0.7854442109501154,1.4227447558057689e-08,8.970493998476899,True,False
S057,2,160.0,64,9760,1.5757662606180047,3.5286068851593035,0.8932541574116186,0.9005323741047264,3,,0.760125938334544,0.760125938334544,0.861349772777173,1.5856392823369857e-08,9.615973815213746,True,False
S057,3,160.0,64,20000,2.4258441416276417,3.748255735342261,0.8604884990262729,0.5661343746459258,1,,0.8587292273118843,0.8587292273118843,0.8104887621957614,-1.396504824998274e-12,16.184117934987334,True,False
S057,4,160.0,64,20000,1.5252498957146954,3.5411146762568553,0.835888504338179,0.897724620727212,3,,0.9011822001555495,0.9011822001555495,0.8728227542616759,3.0744956741494336e-12,10.836105428112527,True,False
S057,5,160.0,64,20000,1.5666763698653488,3.623817779774451,0.8346499157154281,0.8925489337446332,4,,0.7408919482187947,0.7408919482187947,0.6780703571477931,4.4311129460218244e-13,6.056855673597498,True,False
S057,6,160.0,64,20000,1.5703998929353138,3.609067120577616,0.8585179672771315,0.8916635019599439,1,,0.7521798089930527,0.7521798089930527,0.7599540375760048,-1.0572925599665365e-12,8.373368645220895,True,False
S057,7,160.0,64,20000,1.574644331774928,3.6723494642940837,0.8485902106612389,0.8845540389264619,4,,0.7799971362675909,0.7799971362675909,0.78178078234517,-2.1584811049038546e-11,7.060405533812451,True,False
S057,8,160.0,64,20000,1.5706071877987529,3.5532503307609318,0.86313194776745,0.8931116149103016,3,,0.6544730718655997,0.6544730718655997,0.725776343020712,9.832553908150261e-12,6.178615553411121,True,False
S057,9,160.0,64,20000,1.573208408515554,3.7252284399246767,0.8198742341650462,0.8899043105670785,2,,0.7506671277816002,0.7506671277816002,0.6722951805057086,-2.534400934483381e-13,3.341968219590131,True,False
S057,10,160.0,64,20000,1.6041564114235212,3.6430613919621155,0.8789913320843085,0.8844880054478861,2,,0.5939104167717697,0.5939104167717697,0.6554246527069916,2.008019969963998e-14,3.6764557027599456,True,False
S057,11,160.0,64,20000,1.544398041764355,3.6878521262503483,0.8285260979746338,0.8949810434614569,1,,0.4121719092208996,0.4121719092208996,0.29566976818533636,-6.80800193029347e-14,5.4201589280254545,True,False
S057,12,160.0,64,20000,1.550230170555815,3.6684620427887586,0.8604749998100348,0.9026928170181462,3,,0.6751158106014578,0.6751158106014578,0.10013082400545902,-3.303039971355892e-11,6.710754901041114,True,False
S057,13,160.0,64,20000,1.6025968776604729,3.7881736433402207,0.8463333204400796,0.8913046410176604,3,,0.7648935103671503,0.7648935103671503,0.8188144661299495,2.239591553476953e-12,3.641150727186873,True,False
S057,14,160.0,64,20000,1.5853652252035109,3.654423593334692,0.8637553895962827,0.890548891694384,2,,0.6586937147313164,0.6586937147313164,0.045637127616203144,-4.8145177764129886e-11,5.268304456702334,True,False
S058,1,160.0,64,9760,1.5468304423543473,3.3706952371412218,0.77468151385669,0.8755205946165341,2,,0.8569783364605176,0.8569783364605176,0.5791289841311531,-6.496054577026519e-09,29.686297862210946,True,False
S058,2,160.0,64,9760,1.527854168432216,3.5278597201802997,0.8242702252473859,0.8962691892912314,3,,0.664578410187319,0.664578410187319,0.33891627436226224,-1.0318418952843048e-09,12.583082562606357,True,False
S058,3,160.0,64,19680,1.5565823509124903,3.5721103819569597,0.7889720041458296,0.8774088463936964,3,,0.03394609664756919,0.2398395522546858,-0.15955838407609677,-7.339180291111224e-13,4.580969642074039,True,True
S058,4,160.0,64,19680,1.5270025034480257,3.344042821997139,0.8300444887969216,0.8910697033603222,5,,0.033986173847980056,0.22547316277731633,0.0020309478294216095,-1.147797200497883e-13,8.237729415502704,True,True
S058,5,160.0,64,19680,1.5605486196259881,3.3762598309159957,0.8425061305342558,0.890893777117908,3,,0.03268858374512545,0.25438466690932887,0.0012887754004944907,-1.5136506281601808e-12,3.445861394300319,True,True
S058,6,160.0,64,19680,1.5573462492496941,3.4035656084805983,0.8486735967481399,0.8863615365183857,6,,0.0014675623055726659,0.2597667287938476,-0.25172762510308166,7.344852623195851e-13,5.451789295643928,True,True
S058,7,160.0,64,19680,1.531861557404794,3.377325318712133,0.7756070072427697,0.8715001974826806,3,,0.031361266216468335,0.2285438507485964,-0.05419227520463363,-9.10044331373267e-13,4.080439853771175,True,True
S058,8,160.0,64,19680,1.5208363562770226,3.4164983378733096,0.8210739830854825,0.8988276015927478,5,,0.006926370013038762,0.26996689753751024,-0.05702569573682641,-3.307163832617735e-16,3.269449519846344,True,True
S058,9,160.0,64,19680,1.5436209987386058,3.5108089744412725,0.8309919656323285,0.8992740195889666,3,,0.016444065005007127,0.26305096919409243,0.04045827872473188,1.8230650670253535e-12,5.182040604045807,True,True
S058,10,160.0,64,19680,1.5308332787971164,3.3817497153555998,0.8159197486693346,0.8934369158578485,3,,0.043340594263033126,0.30193007093216184,0.06242300801178811,-8.821739300723229e-15,6.689627290325395,True,True
S058,11,160.0,64,19680,1.518982864622659,3.4109062546954645,0.7934927947225217,0.8882487356565676,2,,0.035642065299663815,0.24126468779098328,-0.10244654592607469,-6.365429694540095e-13,4.4606611618614,True,True
S058,12,160.0,64,19680,1.5722394022555948,3.4256862308854794,0.7903624507099387,0.8726911884794666,4,,0.01413012536862122,0.23224768615459734,0.07448385607680408,8.121501870722436e-14,4.851769320152426,True,True
S058,13,160.0,64,19680,1.5167437288459287,3.4384323366069114,0.8101632328582158,0.8995266193575566,1,,0.029653535621182274,0.30086985442555136,-0.08709411021563249,-1.4230009218600568e-14,3.8876920490593148,True,True
S058,14,160.0,64,19680,1.5194903466470535,3.3853432302485205,0.7939868963432186,0.8853398221488458,5,,0.028324398614914502,0.262401871195554,-0.10139350374301968,9.039800530850545e-13,3.985518129380875,True,True
S059,1,160.0,64,9760,1.5045972796357558,3.5362769018397047,0.9824664656273672,0.9186252915469855,0,,0.69560276985322,0.69560276985322,0.590664879005738,-2.3111651286996063e-09,13.839139555261456,True,False
S059,2,160.0,64,9760,1.5066514323296125,3.5276659857724315,0.9576003844857608,0.9222226081584135,1,,0.8742106676176945,0.8742106676176945,0.7061461260738124,2.5089559867644807e-09,8.44987076288302,True,False
S059,3,160.0,64,19680,1.5722431235880254,3.5331961975135595,0.9059041877597959,0.9026639276143475,3,,0.008950023356106552,0.2640584099869116,-0.18032052261238196,-4.3275052872576234e-13,6.117105016152206,True,True
S059,4,160.0,64,19680,1.6155066077291642,3.5852120013956,0.9363745226293012,0.8919800479196334,4,,0.007229941166275655,0.22281191635598985,-0.26603868040777845,3.3730859856350836e-12,9.114998776073117,True,True
S059,5,160.0,64,19680,1.579136226851432,3.570326482268419,0.9659947635123669,0.9055670625008059,3,,0.07147763599126898,0.2838154654896226,0.07272451031703299,-1.3280809005407233e-12,12.317984714598177,True,False
S059,6,160.0,64,19680,1.5371983716051847,3.6215520180099383,0.9459825298212425,0.9094831888503176,2,,0.03282354256842379,0.2294633256363583,-0.01342374066331313,-3.431656321747394e-13,4.047011841896606,True,True
S059,7,160.0,64,19680,1.5804885127769508,3.695530294906617,0.9323227302985089,0.9039915282400637,3,,0.018264732879802292,0.31761889991921805,-0.253836409708978,-2.062624160877409e-12,7.0464922666497145,True,True
S059,8,160.0,64,19680,1.6273472537481048,3.654424746887293,0.9314804316015706,0.8789631551468569,2,,0.03040991859868105,0.307576291361651,-0.23360456220269982,1.1026170260181643e-12,5.70982721501963,True,True
S059,9,160.0,64,19680,1.4949748571469887,3.543223693066536,0.9447624328395645,0.921141355270618,3,,0.01966848350793663,0.28326650199655407,-0.0244468065635223,2.2580598867914266e-11,4.678319873328517,True,True
S059,10,160.0,64,19680,1.5841725997944915,3.5357283181825254,0.9246516465772885,0.9015555842835479,1,,0.014951869460444661,0.27301861466943234,-0.21650670963783505,2.8687284932911435e-12,2.9699281692209745,True,True
S059,11,160.0,64,19680,1.5510097132175709,3.6002221238860495,0.9223416341993734,0.9034512557437258,2,,0.0011276565392783489,0.25319763962250874,-0.03690574756469929,1.2138424004531578e-13,5.061431134684043,True,True
S059,12,160.0,64,19680,1.6102251549380768,3.6280421419401234,0.9370042624074112,0.8923023029594248,1,,0.04940805392153463,0.2878234238572585,0.13333658683202337,7.694596193565018e-14,3.709653555503339,True,True
S059,13,160.0,64,19680,1.608128261238955,3.70605498947332,0.9175912106660753,0.9000845703063125,1,,0.047403888008287404,0.8676280436798901,-0.7540217251270527,8.905333922008297e-14,4.9899607704614235,True,True
S059,14,160.0,64,19680,1.6202597255753401,3.61218889955296,0.9342465986286933,0.8963715102607714,1,,0.04564336217365937,0.2782881733282808,0.022159178253670923,-2.2863286958344255e-12,3.547619439666191,True,True
S060,1,160.0,64,9760,1.601954598728608,3.554055682938352,0.9628551632292839,0.9020752301003572,1,,0.6969153143827568,0.6969153143827568,0.722732066617085,-8.481010275832057e-09,17.16490521439594,True,False
S060,2,160.0,64,9760,1.5757228845918207,3.7016905647224823,0.7711162257707395,0.875508706875451,2,,0.8844493926026847,0.8844493926026847,0.7033593331794757,-8.75319957300951e-10,9.618348618812846,True,False
S060,3,160.0,64,19680,1.595390461457741,3.5281634366730206,0.9292744111516316,0.8962176129254125,1,,0.018843590713050612,0.278268860142891,0.035466300001009594,2.8151152167950407e-12,3.7870000219673914,True,True
S060,4,160.0,64,19680,1.6014323254091365,3.688477933149642,0.8732106545861638,0.898400279303829,2,,0.0285325944896066,0.2718635611698333,-0.10551120201462477,1.068418676345578e-12,6.758661737202034,True,True
S060,5,160.0,64,19680,1.7097844326580014,3.7186136031944104,0.9454364417305906,0.8650769670302447,3,,0.010799021959909755,0.2472825720551886,-0.04406845930541432,-3.509878880022297e-13,4.37502959648043,True,True
S060,6,160.0,64,19680,1.600612339907285,3.6541960571308625,0.9496184294343384,0.8973972847338043,4,,0.030383016575984825,0.21771755336078774,-0.04918316001618285,-1.2398743668201114e-13,5.6897064681480245,True,True
S060,7,160.0,64,19680,1.724508630058633,3.7766876254068693,0.9447611122226447,0.8612908812296509,2,,0.060853194544394945,0.3367701436477202,0.07298910794005198,3.5528513961019114e-11,5.203502372796168,True,False
S060,8,160.0,64,19680,1.5894287597583787,3.6213842417314748,0.8715069870656375,0.8986227104080124,4,,0.0398684125770644,0.36697296212298347,0.039694911366825236,1.1629827394978314e-11,5.176654542844079,True,True
S060,9,160.0,64,19680,1.6225377653351,3.576921550985346,0.9181796618372047,0.8884156797320708,4,,0.058371386237198696,0.24575732465686667,0.13711379441473365,-1.1272753112647219e-13,5.8982857068696815,True,False
S060,10,160.0,64,19680,1.5685840619268263,3.7722643589973064,0.8799252517015734,0.9054548715745676,4,,0.003964188043105742,0.2842806851226005,-0.012722910304139731,1.6164851308236236e-13,5.523659280049581,True,True
S060,11,160.0,64,19680,1.5997180547237826,3.7026963338197847,0.8714785098080748,0.8930272530680041,3,,0.009075604173729242,0.29388074260464137,-0.06276488553140327,-7.461929443016093e-13,3.913386082158697,True,True
S060,12,160.0,64,19680,1.5783579618127477,3.717078286495674,0.9164509733571085,0.9017413924622966,3,,0.010959479317430553,0.2353522989220719,-0.03343686687921672,4.4129033339917735e-14,4.395810877080016,True,True
S060,13,160.0,64,19680,1.6061179701439388,3.682729407166486,0.9212600300204409,0.8978386287884648,3,,0.01605613823771457,0.2887646085362334,-0.10743200412551673,3.6118345518171437e-13,3.2921059540594197,True,True
S060,14,160.0,64,19680,1.5778803413457951,3.728495494043176,0.8735836130187964,0.9021969489585993,3,,0.028012331540145735,0.257116108771776,-0.019342596164505274,9.859880426006253e-13,4.538656284224227,True,True
S061,1,160.0,64,9760,1.5372374958205168,3.8267356544039615,0.8847672150502294,0.9178834901948165,0,,0.5636452052535107,0.5636452052535107,0.6430747336512583,-2.8805016104469646e-08,6.895093172146375,True,False
S061,2,160.0,64,9760,1.587778095129157,3.7793199137331244,0.8074475924162949,0.8301947690188667,3,,0.5531079733215328,0.5531079733215328,0.4490133364207448,-4.003876776865015e-10,10.810590103516951,True,False
S061,3,160.0,64,20000,1.5790539919733235,3.867944389869727,0.8772741829430606,0.9054171808701228,2,,0.7934639273152923,0.7934639273152923,0.8256904788560575,-1.4443980526449907e-11,6.351910721589418,True,False
S061,4,160.0,64,20000,1.629816968677263,3.794668640564102,0.9005887453907218,0.8917252356048868,2,,0.4444810429037921,0.4444810429037921,0.43784016765046985,9.99385896815163e-13,5.1497770843360815,True,False
S061,5,160.0,64,20000,1.6650542135033433,3.7192626036838536,0.9209425329006237,0.8785219200085616,2,,0.4664306718472157,0.4664306718472157,0.4502291993423535,-2.8605093995534894e-13,4.785373863778154,True,False
S061,6,160.0,64,20000,1.4995409226773857,3.7684237264561062,0.9298179405137704,0.9232561820744323,1,,0.6978761587339222,0.6978761587339222,0.6156362582808463,-2.219654518824881e-13,3.38519704466888,True,False
S061,7,160.0,64,20000,1.5649460970618587,3.8840004675135997,0.9154371219836783,0.9076415923892578,3,,0.6885425249482151,0.6885425249482151,0.6912337183103163,2.071968594891492e-12,3.664462775712649,True,False
S061,8,160.0,64,20000,1.6296996045650531,3.81153733109827,0.8933450308566468,0.8857470039048404,1,,0.4753777832874222,0.4753777832874222,0.4238963230425728,-1.8376250534665327e-12,3.580279898081697,True,False
S061,9,160.0,64,20000,1.9342256461724143,3.8595253164544223,0.8468398838241324,0.7698835390398648,1,,0.6201453494718085,0.6201453494718085,0.5890371392028831,-3.610064700905869e-12,4.646867662079388,True,False
S061,10,160.0,64,20000,1.5565489040379126,3.8082968359748115,0.8759321518032092,0.9076410408502853,1,,0.5820558994682836,0.5820558994682836,0.5890530707664469,2.4104457222040427e-12,3.536266262086377,True,False
S061,11,160.0,64,20000,2.3364122603927964,3.8188388949051166,0.9020788544527952,0.59598964156089,3,,0.40265702844366935,0.40265702844366935,0.5277485670081912,1.2530378636028764e-10,5.30271654949288,True,False
S061,12,160.0,64,20000,1.5468323255909513,3.798209943704766,0.8788192066346954,0.9049033476570124,6,,0.7356574449235898,0.7356574449235898,0.7375902244865846,9.612540677770323e-14,5.264820986065224,True,False
S061,13,160.0,64,20000,1.5631957424670702,3.811582658517599,0.8598452622206603,0.8923581309166726,1,,0.3840249588965534,0.3840249588965534,0.3318711409160279,1.4887396645301985e-12,4.000710708319919,True,False
S061,14,160.0,64,20000,1.6273540771678194,3.85556145596703,0.8321223267441582,0.8802689171048472,5,,0.6159118365220777,0.6159118365220777,0.6254012685378136,2.9154334113177965e-11,3.29569547608128,True,False
S062,1,160.0,64,9760,1.6182556328642212,3.345110278445632,0.9205115203919028,0.869368525318511,1,,0.8802978084033217,0.8802978084033217,0.689710671582828,-2.53882880747406e-10,8.46011794865687,True,False
S062,2,160.0,64,9760,1.5314699364390334,3.2076817878875286,0.8144678627234745,0.8780231344610463,3,,0.558351084286464,0.558351084286464,0.7625654258019858,-1.4791449841574633e-09,10.480069499849561,True,False
S062,3,160.0,64,19680,1.6276867215382174,3.4646612567216915,0.8664444959522857,0.8793864670799014,2,,0.008948838103761583,0.42919697603996504,-0.17947379744300623,3.4707679835123143e-12,15.892613112998191,True,True
S062,4,160.0,64,19680,2.525671195057569,3.690314989579434,0.895335259422855,0.5396240327554747,8,,0.02936686132987204,0.2717381004008771,-0.046929374414737185,2.842052209610462e-12,4.402685176104334,True,True
S062,5,160.0,64,19680,2.462434741418522,3.689349456844847,0.8736693011815676,0.5492157828815021,7,,0.005874676571672724,0.37445786032077233,-0.05090365889830026,1.959969502099353e-11,10.726381153188882,True,True
S062,6,160.0,64,19680,2.2875960019394186,3.620698411300056,0.8954279102470643,0.6060315941651779,3,,0.030452593841236348,0.2663485524256871,-0.05513507356308265,-2.122931029031173e-12,4.284084327806075,True,True
S062,7,160.0,64,19680,2.4049929785712605,3.7011327754824825,0.8906551884820875,0.5691174458604824,6,,0.03491347052353106,0.28285100570316535,-0.0512254779771419,1.0807190693866203e-11,4.218556680385831,True,True
S062,8,160.0,64,19680,2.3361587888539166,3.691295916119315,0.8987945308426675,0.5879152760526136,2,,0.03948692020511048,0.33446974244691813,0.001491295158645184,9.36925745711655e-12,3.7049519727360725,True,True
S062,9,160.0,64,19680,2.229794950930414,3.703884095797254,0.8844664381880352,0.6323990664859431,0,,0.03622271717869009,0.3354116859166717,0.005080675923210695,1.5696726044606596e-13,3.135340815277309,True,True
S062,10,160.0,64,19680,2.485583300259604,3.7920211864837317,0.8810249280678256,0.5481381668406218,9,,0.03279576703031073,0.2785718245617162,-0.14895443588401225,-7.954557805779503e-14,3.7606751592434375,True,True
S062,11,160.0,64,19680,2.3864069950353333,3.825614228648177,0.8620636491199367,0.5684191505915532,7,,0.015404390387580737,0.6494079814564702,-0.6328943062910061,6.824972073525756e-12,2.349629047138111,True,True
S062,12,160.0,64,19680,2.4760668646419806,3.7322466811446975,0.8659135187085698,0.5508898336729038,6,,0.004725984593651077,0.30429491317005564,-0.018583642559686697,1.2427560714622396e-12,2.1715277512807676,True,True
S062,13,160.0,64,19680,2.321041042048566,3.74957945369498,0.8831437605896295,0.5937454064361776,2,,0.004198199448034579,0.21483983926386313,-0.1695226650158583,6.492925933711029e-13,7.1756671014514675,True,True
S062,14,160.0,64,19680,2.014416301770322,3.5976882284474376,0.9116727455129933,0.735523519063481,2,,0.01620640218220868,0.9022415489518301,-0.8309759067159068,-4.2504758330413125e-13,3.646441528147675,True,True
S063,1,160.0,64,9760,1.545023614446288,3.532902808406442,0.6988654442678289,0.8439825801381843,2,,0.779011695153405,0.779011695153405,0.017278437101533636,1.1699865650010916e-09,29.43587943226538,True,False
S063,2,160.0,64,9760,1.5452605458003452,3.570408126572206,0.694649659605671,0.8318887529734853,4,,0.8181069194455186,0.8181069194455186,0.02437494045975075,-9.632488194474541e-09,21.04399736949713,True,False
S063,3,160.0,64,19680,1.5447430335556236,3.6174190381093076,0.6789201609763884,0.8261234449804993,5,,0.010209881144979874,0.6574971398384342,-0.6873639708762194,-2.075568111093257e-13,18.04541900851384,True,True
S063,4,160.0,64,19680,1.552795214796339,3.6069971839610604,0.6681329848715934,0.8164093740879486,4,,0.03543370598718644,0.781348393473271,-0.7337593632850116,2.1374191215239949e-13,17.024275548648713,True,True
S063,5,160.0,64,19680,1.5386890695671591,3.6837007398535393,0.6898778720575753,0.8379959280086589,4,,0.2613816226939938,0.31330288820331575,0.03805138039967578,-3.444582442435688e-12,6.801264769903099,True,False
S063,6,160.0,64,19680,1.558556886057816,3.6085499142758923,0.7204357975326561,0.8531090212924076,4,,0.8031718340575187,0.8031718340575187,0.3403804280700362,-7.803660437146122e-12,9.153311415992764,True,False
S063,7,160.0,64,19680,1.540561508344091,3.641847705928538,0.7152845889650201,0.8518559401095126,3,,0.5351886755835835,0.5351886755835835,0.17353207329920717,-3.1136905006888885e-12,8.712132383231374,True,False
S063,8,160.0,64,19680,1.5557202344338392,3.578897933720332,0.6767376804870253,0.8210465088982535,4,,0.01337008080992948,0.751662232450827,-0.8097913742283802,-1.2206461355218505e-13,7.505377436001645,True,True
S063,9,160.0,64,19680,1.5558818952696112,3.605920624545358,0.7235579256625709,0.8541782854274125,5,,0.05607187592163515,0.8036780152495246,-0.6429310293518851,-1.2281933643524503e-12,7.919895136893546,True,False
S063,10,160.0,64,19680,1.5499644864064108,3.5316789906183255,0.741954615491407,0.8677235647733486,4,,0.3480942731896218,0.5855352982164378,-0.2612809644114527,-4.484772737831138e-11,7.659992079656572,True,False
S063,11,160.0,64,19680,1.543857791501726,3.626736433734381,0.6911804900101259,0.8367276825306106,2,,0.7969878443278082,0.7969878443278082,0.2617327137983365,-9.878845096795093e-12,7.685588598668823,True,False
S063,12,160.0,64,19680,1.5641467541763605,3.513047923878313,0.7254608180257742,0.8502718055663967,3,,0.10152482866376714,0.6782871553800274,-0.3868867266245475,-4.128437856312388e-12,10.236600030365887,True,False
S063,13,160.0,64,19680,1.5625843342509143,3.558025937139089,0.7402036143206321,0.8584453535815821,5,,0.08851534418823276,0.24351939335392278,0.09527011670300672,1.9796149649507636e-13,6.975210140128348,True,False
S063,14,160.0,64,19680,1.561957176907328,3.552216137786081,0.7132378865283913,0.8436883399982508,2,,0.0152119055438445,0.3169639080317161,-0.2948219255576225,-6.7266390461361044e-12,8.93167530183894,True,True
S064,1,160.0,64,9760,1.6698008873786123,3.6561807778167097,0.913133655740589,0.8791423759606259,1,,0.6891498494072806,0.6891498494072806,0.7168852077552581,1.4421517370177493e-11,7.799144691339925,True,False
S064,2,160.0,64,9760,1.6699254286730036,3.584287972787487,0.9033874188970714,0.8725090825412964,0,,0.7225433734996525,0.7225433734996525,0.6231727490744494,1.3567768244545988e-09,8.957222984229753,True,False
S064,3,160.0,64,19680,1.6521654547441456,3.3483393413924643,0.9025400700475781,0.8626326748318821,0,,0.023407596515287787,0.26421800047074634,0.05790733799594036,2.066743648983069e-12,4.113172399302613,True,True
S064,4,160.0,64,19840,1.5493863600956859,3.32588229499801,0.9078528004264171,0.8952959240057756,0,,0.871300117231473,0.871300117231473,0.7634848840733321,2.6360481855740254e-11,4.875053248596425,True,False
S064,5,160.0,64,19680,1.564595473158527,3.3667265484493116,0.9057063296505022,0.8855679738415403,2,,0.017026858173514202,0.24571046387393547,-0.007023432317260402,1.2713648918399288e-13,2.734965053763117,True,True
S064,6,160.0,64,19840,1.668961741014134,3.2915059648172584,0.8861543094024235,0.864574672926392,1,,0.870973834859008,0.870973834859008,-0.026274188048991287,1.9821988728348584e-10,9.673767767744105,True,False
S064,7,160.0,64,19680,1.5821504601923342,3.030463852042095,0.8456133514901836,0.8589132066540062,3,,0.015110401536684036,0.2705231698074368,0.06050273313187099,-5.778526063318588e-14,2.906357514404405,True,True
S064,8,160.0,64,19840,1.5524308353206016,3.2942815756446016,0.883828561732991,0.8926723349047385,1,,0.8740559325285885,0.8740559325285885,0.7486057294284798,-7.29610108159259e-13,6.576778320738531,True,False
S064,9,160.0,64,19680,1.6256595059994607,3.4362368146038538,0.8985088598526473,0.8800202093000753,3,,0.022878694927198722,0.28008520280535,0.050668752536125156,-2.6310747542181686e-13,5.548647981605501,True,True
S064,10,160.0,64,19680,1.571006723241344,3.1162864269282853,0.908490686023979,0.8751787912215014,2,,0.03986342519930357,0.24571540294175945,0.006238199354169693,1.6856262030455576e-14,2.824173070476506,True,True
S064,11,160.0,64,19680,1.6158926939565856,3.245339438783992,0.8702103196243578,0.8682693851839551,2,,0.017894683556635933,0.2467741446459631,-0.018632422182555966,-7.305460470801343e-15,3.845581381868486,True,True
S064,12,160.0,64,19680,1.6232167454245565,3.0137414491645207,0.9025779228804928,0.864513015847568,2,,0.030212908714042655,0.4825930368773021,-0.41219652855252803,7.92720397062676e-13,5.318564371859286,True,True
S064,13,160.0,64,19680,1.565511256674513,3.288483585868114,0.8939817708088249,0.8877470027041957,0,,0.035344122491773135,0.2646298700275212,0.03756494973396076,4.009365614320031e-14,3.1833645341554364,True,True
S064,14,160.0,64,19680,1.5312294277398542,3.2569897853661276,0.8758500786627132,0.8923189511052743,1,,0.005822906453279677,0.24253514576071863,-0.04768634120774373,4.668529118673524e-14,4.812968857210873,True,True
S065,1,160.0,64,9760,1.52385019017041,3.5230975378163976,0.8249098270215207,0.8974958321938649,3,,0.8077388512682819,0.8077388512682819,0.7560235939929717,1.0912066854414125e-09,12.822168089912612,True,False
S065,2,160.0,64,9760,1.4758563227897756,3.6148475985066866,0.7799410999106395,0.9020185787804669,1,,0.3574620545311712,0.510484769861986,0.7682205521010463,1.8271016298243416e-07,7.698449707045763,True,False
S065,3,160.0,64,20000,1.5466968245806525,3.6518369384787857,0.8431615026738871,0.9009178600202521,1,,0.8471768450598055,0.8471768450598055,0.7990988714048609,1.4921626509722881e-13,7.4591500358406195,True,False
S065,4,160.0,64,20000,1.5961552286676721,3.6529321761191316,0.8267099307484909,0.8814738076125098,6,,0.53802465468051,0.53802465468051,0.5447618131164014,9.12115920865693e-12,13.540526279783812,True,False
S065,5,160.0,64,20000,1.605667471531814,3.80908482045235,0.8571027945839906,0.8849250209903589,3,,0.7377955580447053,0.7377955580447053,0.5594706126043416,-1.2041411538293601e-11,6.132762029028587,True,False
S065,6,160.0,64,20000,1.5795773012584977,3.547911010217973,0.8659842920724947,0.8883253731120162,3,,0.7462306963559152,0.7462306963559152,0.7678792486138676,2.5440600881609455e-14,12.342485978021559,True,False
S065,7,160.0,64,20000,1.5882882718940432,3.6141801028522713,0.842742362782649,0.8774458054221763,3,,0.7813918615959861,0.7813918615959861,0.6986150396688924,1.183695965798436e-11,8.909081103565976,True,False
S065,8,160.0,64,20000,1.6408050389107391,3.697175691176236,0.8268679804543051,0.8455939644772009,4,,0.7649752033461592,0.7649752033461592,0.7062914832597222,-6.352870938289135e-13,6.214346159914299,True,False
S065,9,160.0,64,20000,1.5471877280498383,3.780534665668103,0.8556219032142551,0.9101476972339786,1,,0.7567852109105216,0.7567852109105216,0.6788886311290364,1.3696511972592033e-12,6.461825770604085,True,False
S065,10,160.0,64,20000,1.625017703353081,3.632611518535006,0.875149501439881,0.8698862415797981,1,,0.695285023622019,0.695285023622019,0.7951355600132559,2.6873712102564574e-11,12.625142678549683,True,False
S065,11,160.0,64,20000,1.6031835609640275,3.6633147338257794,0.8417180802752792,0.884401769876588,4,,0.298618897869855,0.31935960400992225,0.5963866093131052,2.8117766480535645e-12,6.16706692423241,True,False
S065,12,160.0,64,20000,1.6336423190057516,3.6190350088391754,0.8694125271358271,0.8747597616753433,3,,0.3881059326330705,0.3881059326330705,0.5121733567119615,-3.052047759500972e-15,6.818293531816493,True,False
S065,13,160.0,64,20000,1.63723998231529,3.684357708719241,0.8506993838094882,0.8458171488322643,2,,0.7188436622827812,0.7188436622827812,0.6477165119744324,-6.733671519233547e-16,5.590902030979459,True,False
S065,14,160.0,64,20000,1.636915258156106,3.765471927305663,0.8866795539946941,0.8674169240644215,4,,0.5657802712874987,0.5657802712874987,0.5339328829220756,1.4222097798906103e-11,8.935669834807745,True,False
S066,1,160.0,64,9760,1.5883242481149313,3.6351709842438726,0.8960139528826034,0.8909802796486415,2,,0.8661356979947096,0.8661356979947096,0.5792684855027486,-2.1000964664777112e-08,6.608262686786604,True,False
S066,2,160.0,64,9760,1.5540168789376319,3.530745265222895,0.7655309361881111,0.8801664251414443,2,,0.7687643589056915,0.7687643589056915,0.19038713420081566,-1.4242576822810614e-09,5.428038091315485,True,False
S066,3,160.0,64,20000,1.5377079157064175,3.443808465721397,0.8131864332936607,0.8896966664160804,4,,0.9303888438522242,0.9303888438522242,0.565479079336894,-8.348774170841094e-11,6.151443660381122,True,False
S066,4,160.0,64,20000,1.5710407454846846,3.5932147555290017,0.8104221331153679,0.8789541656753489,2,,0.9182031056343931,0.9182031056343931,0.7121969565255691,-7.421586003501878e-13,4.881732445609148,True,False
S066,5,160.0,64,20000,1.5709740534535517,3.530331080648506,0.8366630651529041,0.867317402144836,3,,0.9038151192143202,0.9038151192143202,0.8516858450136776,3.308218928407625e-13,2.6440870631227162,True,False
S066,6,160.0,64,20000,1.563273466923165,3.5743639100932088,0.8414815404499485,0.8894760202473899,3,,0.7356478839709756,0.7356478839709756,0.7848999439877995,7.416043619292747e-13,6.776782481684164,True,False
S066,7,160.0,64,20000,1.573207418871403,3.5918846474756365,0.8548208550913634,0.8904318749932344,2,,0.8151551967578404,0.8151551967578404,0.8587446207855489,-2.0005362386998417e-14,6.752909198732152,True,False
S066,8,160.0,64,20000,1.5811112207963758,3.4882271664240596,0.8874599802573733,0.8856392725865732,1,,0.8857145669067071,0.8857145669067071,0.6951277681364276,1.957272379294164e-12,7.775036905534584,True,False
S066,9,160.0,64,20000,1.5596787921485689,3.6690210494598174,0.9117302952576756,0.9042016511743546,4,,0.6019504148592941,0.6019504148592941,0.5730159353600373,-4.126164706489016e-12,4.678588833145734,True,False
S066,10,160.0,64,20000,1.5503540173848194,3.638870906314314,0.8350367140167378,0.8963270704842152,1,,0.8644105836164522,0.8644105836164522,0.7988251299124911,-1.8160445428267796e-12,5.184620020818474,True,False
S066,11,160.0,64,20000,1.6329978705410788,3.643464636381755,0.909644246240968,0.8793718330251867,2,,0.44573106005888075,0.44573106005888075,0.3735328536867519,-1.3755766144368866e-12,5.219948917072322,True,False
S066,12,160.0,64,20000,1.5920408836615236,3.6524731580841054,0.8808717366451524,0.8959455308576052,3,,0.7466885371084255,0.7466885371084255,0.7656420328377009,1.6163221724747377e-12,3.881933421240725,True,False
S066,13,160.0,64,20000,1.5663376636978115,3.656198607612972,0.863742908197331,0.9017946032118316,2,,0.7870883167062706,0.7870883167062706,0.5632022724862492,-2.4366622186504135e-11,5.537215702109305,True,False
S066,14,160.0,64,20000,1.5421608592935654,3.635604175325351,0.8532596113163192,0.8911977939680571,2,,0.79221199627302,0.79221199627302,0.8307258322222475,-3.12518550778938e-11,3.7115386026045507,True,False
S067,1,160.0,64,9760,2.5209849141722165,3.085082135070304,0.9393974782445909,0.5296442379626901,3,,0.6804618478429354,0.6804618478429354,0.8573482053195036,5.048446385518379e-11,26.78008570131041,True,False
S067,2,160.0,64,9760,1.5074153085062845,2.574333552756027,0.9380045700571568,0.8428106861380088,3,,0.8188901868906399,0.8188901868906399,0.7659337324012008,1.869502561394723e-09,14.701835284250818,True,False
S067,3,160.0,64,19680,1.641401275950816,2.992748970889376,0.919069613780988,0.8205051026593579,3,,0.036447511289877665,0.27943248785072317,0.06606412647266915,9.509686140574399e-13,12.467067006688806,True,True
S067,4,160.0,64,19680,1.5892820419843416,2.845502396097019,0.8901379398701916,0.8419366062146548,1,,0.01196750212538046,0.3327504768932388,-0.2876953344300428,2.98794310959082e-12,8.012889397303523,True,True
S067,5,160.0,64,19680,1.6215178390113105,3.1399943785155546,0.9213672640497176,0.8571262436129434,3,,0.001810883529095475,0.3115505405068846,-0.021814770779613947,2.271606109316058e-12,8.508072470551136,True,True
S067,6,160.0,64,19680,1.629033264760548,2.9608535374293954,0.9393767394892436,0.7942877280012335,4,,0.008936643761555216,0.24636687268251897,-0.039206509478559075,6.569050334279659e-14,7.590095951312706,True,True
S067,7,160.0,64,19680,1.678636178660869,3.115178932907074,0.98078601323432,0.829057529901964,2,,0.03105567827399737,0.2334649631826669,0.04775629872396408,6.153853102958762e-15,5.989801358876941,True,True
S067,8,160.0,64,19680,1.5838063012014605,2.6574784497419914,0.869803319371916,0.819950932762463,2,,0.015499173184332134,0.25178796639899026,-0.12289845818590511,1.7034572944875011e-12,7.811934540981217,True,True
S067,9,160.0,64,19680,2.4492085616403165,3.0549720779167195,0.9800850203193692,0.5360043667781849,4,,0.01141008484509503,0.24560506741983587,0.05994489115163708,5.668007463263449e-12,5.919202276194232,True,True
S067,10,160.0,64,19680,1.6209490318121669,2.7574669522736714,0.8699477293175222,0.8321500890188214,4,,0.006823500040749258,0.24481887063142016,-0.2089476753406376,1.6749527876886204e-11,10.815030739147756,True,True
S067,11,160.0,64,19680,2.1831865436878295,3.213561046958242,0.9394663723239123,0.6310275090124147,3,,0.013108248191404269,0.3029206910640626,-0.08407823561278523,-2.540013082042502e-12,7.894750993982859,True,True
S067,12,160.0,64,19680,1.5957636022273087,2.8307638910200748,0.9222054018767523,0.8507135069776603,2,,0.08673908204760135,0.25957886827408894,-0.27126945359767524,-2.673082884194406e-11,17.07317984611847,True,False
S067,13,160.0,64,19680,2.4314393830363064,3.0589208083390993,1.0025444498762788,0.5481405834754569,7,,0.018465389547036252,0.2924846112419523,-0.06577763419013224,1.8111214106572782e-16,12.441358781489726,True,True
S067,14,160.0,64,19680,1.5879920666096772,2.9376719463137553,0.9133788459743093,0.8542803522648599,2,,0.014020470459037492,0.27905710101782133,-0.2875813319019772,1.6755141119675487e-13,5.870792007122477,True,True
S068,1,160.0,64,9760,1.5309222186149887,3.5506776788665753,0.8950782378789781,0.9087002683162262,1,,0.8347078194688905,0.8347078194688905,0.8022289422757913,-2.0203571096983362e-08,30.002197440443826,True,False
S068,2,160.0,64,9760,2.1767123483381075,3.55528504260126,0.9234147759032987,0.6464304556181553,2,,0.7856915876925402,0.7856915876925402,0.7952807430727087,1.0893787842981222e-09,9.415641783532104,True,False
S068,3,160.0,64,19680,1.5527596468284433,3.8050031674914297,0.8971316486641439,0.913175657699936,0,,0.013952405321603387,0.3237258395320012,-0.14968305703409657,2.376731297053486e-13,12.340814711541805,True,True
S068,4,160.0,64,19680,1.5692434125906094,3.689922455220024,0.9453891370413876,0.903924368147411,3,,0.08649761300080985,0.25589008414962333,0.1412629037295901,-2.8072087133251885e-13,4.6655571451108955,True,False
S068,5,160.0,64,19680,1.6251412265873617,3.6373697457122223,0.9444545366141156,0.8871632055885452,1,,0.024760311743654787,0.28467383598484697,-0.0006151994817643301,-1.2661740730339662e-13,3.2707595676594874,True,True
S068,6,160.0,64,19680,1.6129354680271573,3.631781943252743,0.8913332587888999,0.8918610636228497,2,,0.009350840840947092,0.23535814005545147,-0.003428049417840348,-1.53725832688913e-14,3.4853023116926014,True,True
S068,7,160.0,64,19680,2.269956403319171,3.691815449156609,0.9473257492391808,0.6127213708046336,3,,0.027413657473002076,0.37863933521366866,0.007539784425536024,2.646481423073535e-14,6.282598592482963,True,True
S068,8,160.0,64,19680,1.6287572372298866,3.704784251604633,0.958897773630506,0.8904850492579321,1,,0.029714772199696655,0.28126199894171305,0.06836906438602477,-5.278744016630757e-13,6.557803758836348,True,True
S068,9,160.0,64,19680,1.676019518514258,3.700135043168541,0.9545875137276565,0.8561492383092988,6,,0.005057006993576446,0.22935957004865945,-0.05236353342995674,-6.35308543797061e-14,6.507223657331397,True,True
S068,10,160.0,64,19680,1.60611058913155,3.6115674262754416,0.8879310552900905,0.8912893094931438,2,,0.0035153213439308908,0.30925643162378424,-0.06895215313243247,-2.0878261771092906e-12,7.369405378468199,True,True
S068,11,160.0,64,19680,1.6204114959564695,3.6482243440266036,0.967125799114547,0.8957423555529794,1,,0.005833989838157401,0.294106515131146,-0.026471412234183398,1.7306379129769855e-11,2.708497708909911,True,True
S068,12,160.0,64,19680,1.5687290091503763,3.615783819778115,0.9545815148959678,0.9100897963872195,3,,0.028686711331218463,0.2598924935756296,0.0721133180123914,4.787906472894763e-13,7.690266009205316,True,True
S068,13,160.0,64,19680,1.6423380207398113,3.6834935929360313,0.9528157107272364,0.8810998101496368,2,,0.012416702658785441,0.21991647504070092,-0.08835238420878126,-1.9826186727434765e-13,4.8979315026306836,True,True
S068,14,160.0,64,19680,1.6753659339491382,3.6770341099358315,0.9892026724566467,0.8639349293961882,2,,0.020761660090794692,0.20340061904622508,0.0014152117090123779,2.432969616640578e-12,6.03035782352126,True,True
S069,1,160.0,64,9600,1.4808139592098597,3.819379633533787,0.8258237978259475,0.9204993554877051,0,,0.06517935698807736,0.4162928924961599,0.11316541181054343,1.5875414178434746e-11,16.48839526347158,True,False
S069,2,160.0,64,9760,1.5050366392785293,3.642699221542334,0.8295909109064622,0.9131834223116262,1,,0.2682731073686436,0.43032535876578804,0.647963103762895,-2.0966939922786198e-10,14.72426384964642,True,False
S069,3,160.0,64,19680,1.5116801769065376,3.7560525817786905,0.8490127841508912,0.9095577740966156,4,,0.020011313257214062,0.2822076627719907,0.06498205912903351,1.4482346380455858e-12,5.510537840964259,True,True
S069,4,160.0,64,19680,1.5095509394626982,3.7247437894054616,0.8599715034900605,0.9152973971154827,2,,0.007400240118437361,0.29884151492063077,-0.04871809743640097,1.0817850499628021e-13,6.222370583243019,True,True
S069,5,160.0,64,19680,1.5022606968164316,3.815854825754224,0.8526724928561951,0.9079064200012084,1,,0.08251617472630071,0.25780841144683797,0.07295077901290756,-2.444236200157621e-14,7.267739821570129,True,False
S069,6,160.0,64,19680,1.480813570711324,3.7449354895279447,0.8608514292529579,0.9216150477374245,0,,0.011747768398345348,0.2416879670420883,0.06602062544878694,1.0604299220214544e-12,9.941165379476441,True,True
S069,7,160.0,64,19680,1.5834972278877735,3.7684610723738947,0.8570082270893487,0.8971330527712815,1,,0.0332969990908988,0.30959053026136685,0.03671854688564623,1.718021386441439e-13,6.195291083463005,True,True
S069,8,160.0,64,19680,1.5162715884383118,3.683132997136601,0.8667675038326775,0.91057824975473,2,,0.031126930486192132,0.24358668496340738,0.1077826503336746,1.455213271470822e-12,5.368752785336784,True,True
S069,9,160.0,64,19680,1.4970775207430393,3.8037942497636914,0.8414412356987218,0.9162934078231617,0,,0.07976422875030471,0.2645402116019304,0.028306996554142805,-1.234481202322976e-13,4.269564498073291,True,False
S069,10,160.0,64,19680,1.5631302050671014,3.7624138456713787,0.874969286546224,0.8990997917856339,4,,0.010006288760692726,0.2352393823544214,-7.126672779997345e-05,2.3745186547349643e-13,6.736043943430904,True,True
S069,11,160.0,64,19680,1.524168548813857,3.743858483986102,0.8540097801702036,0.914093514164208,2,,0.017911633856396086,0.24086196885895678,-0.11673930841926755,3.6355980887956626e-12,2.707578080318008,True,True
S069,12,160.0,64,19680,1.6025893738858468,3.7875728089381253,0.8726781436110064,0.886082842740415,2,,0.03629883706582829,0.3185201332736375,0.04463091484353267,2.6689829158379903e-12,3.944476219346114,True,True
S069,13,160.0,64,19680,1.584788817697538,3.7940778555510253,0.8676095864602977,0.9010268657076133,0,,0.009663210961841452,0.30600400312004195,-0.022374870165010413,5.697983973190292e-12,4.040084140794683,True,True
S069,14,160.0,64,19680,1.6270895117641888,3.6865837035955638,0.8644872538066812,0.891334489290553,2,,0.005981129015514373,0.3263427987171437,-0.24922834379010123,-1.3366028762265474e-14,4.397739055557949,True,True
S070,1,160.0,64,9760,1.5814195603055499,3.6125527393541947,0.8093551894734706,0.8878528719226828,2,,0.8557821704838797,0.8557821704838797,0.7738501573726893,-4.084210477114061e-09,46.67949051051882,True,False
S070,2,160.0,64,9760,1.5932254215116979,3.7697128783387233,0.8780667530860156,0.896358663991158,0,,0.7264251181471043,0.7264251181471043,0.8182530898233518,-8.960568512764786e-09,6.52793682676109,True,False
S070,3,160.0,64,19680,1.6525889140645755,3.75224881391209,0.8589108102619882,0.8820184564027078,1,,0.006648548209331811,0.2715921943155513,-0.08141059169497673,5.736598745424097e-14,5.947643615038114,True,True
S070,4,160.0,64,19680,2.5549802565847943,3.825713581662379,0.8529076280642831,0.5344145069896322,6,,0.04186683756632611,0.24456672362712195,0.01398547096719642,4.671836008961891e-12,3.9740705042242417,True,True
S070,5,160.0,64,19680,1.6020026291785894,3.738348869718144,0.8394276873882819,0.8879806763907143,3,,0.005097430379930493,0.2955681476082976,-0.053446148689611284,1.5854808810174948e-11,5.740965910671371,True,True
S070,6,160.0,64,19680,1.7598698691583943,3.921673426612318,0.8916079846004792,0.8115022528666853,1,,0.0012682713028570104,0.2768022832150583,-0.29918101235078765,1.9461248744801562e-14,4.47041897076329,True,True
S070,7,160.0,64,19680,1.686331265219425,3.844494566969714,0.8410304375858821,0.8491289968596051,1,,-0.0005348584598666157,0.3209131347729812,-0.13205488585389388,3.897266549306944e-12,4.240468296336022,True,True
S070,8,160.0,64,19680,2.2680186267355946,3.8267977853776998,0.868423206457876,0.603830869718635,3,,0.014667593538209223,0.32513112232328395,0.009112533216122293,7.989051521722408e-13,3.3991989921800108,True,True
S070,9,160.0,64,19680,1.4890894394956167,3.714790007647359,0.8354396441728182,0.9014776594148198,3,,0.09811650663615978,0.32839139333632195,0.04797139040624859,3.114594001495718e-13,3.54503680194846,True,False
S070,10,160.0,64,19680,1.7815222677540055,3.8676510365706678,0.8535771837952437,0.7993341070449123,1,,0.02325134151093348,0.24251162865863105,0.06710513922755715,8.861397044260094e-12,3.89663611027357,True,True
S070,11,160.0,64,19680,1.563154767553065,3.706321809202473,0.8280587647016828,0.8806890051985098,3,,0.0020985523559580227,0.2474599390871962,-0.04878850857573271,2.2271527192958613e-12,5.989666868579546,True,True
S070,12,160.0,64,19680,2.326031171547779,3.729710686037003,0.874190015002017,0.586382068228033,2,,0.026983092312506833,0.2335742117901208,0.0562574736888522,4.3704398711603824e-16,9.113961817760865,True,True
S070,13,160.0,64,19680,1.563390576492686,3.665541745007435,0.8924039980557639,0.8963466123562077,1,,0.030163535680333864,0.27326893622153314,0.08157547378388082,1.1171614946457997e-11,6.006816679861559,True,True
S070,14,160.0,64,19680,1.8724450980474332,3.8106024248674215,0.8356179969394524,0.7961687353598439,2,,0.03883023973300001,0.22890392774020643,-0.021548563012831912,4.580121441939545e-13,5.22600338135568,True,True
S071,1,160.0,64,9760,2.3703214079188766,3.656489603456312,0.9088561904903505,0.5868277221288484,1,,0.8867618689726899,0.8867618689726899,0.6959904120899107,-1.5177152241963236e-08,17.881524712291295,True,False
S071,2,160.0,64,9760,1.5123381176970971,3.593255526835809,0.8039999839726972,0.9030199423865493,2,,0.6723070707283555,0.6723070707283555,0.8283915739376607,7.410786008783961e-10,10.963567914064106,True,False
S071,3,160.0,64,20000,1.5896213312346257,3.497585696327823,0.8649239825865124,0.8846763623803928,3,,0.68620023234144,0.68620023234144,0.7269109622277147,6.100127397397472e-12,6.779332169444911,True,False
S071,4,160.0,64,20000,1.5902039009351294,3.5559220645602885,0.8451622809335462,0.8839389148128998,3,,0.7203635622363,0.7203635622363,0.7358766789119332,-1.171636278239443e-12,6.47158337975475,True,False
S071,5,160.0,64,20000,1.6514537330555896,3.6754233373109724,0.8540779930324223,0.8395027737917391,4,,0.7210650299849966,0.7210650299849966,0.6325139420564919,-5.520370572306794e-12,7.379318947006332,True,False
S071,6,160.0,64,20000,1.5682758998609192,3.6057110622277193,0.8799982914606933,0.8923006507144688,1,,0.8741731070804223,0.8741731070804223,0.7404261435904802,-4.8642324541501946e-11,7.264241049138081,True,False
S071,7,160.0,64,20000,1.5379226360322171,3.585622352610043,0.8265530133095068,0.894404212717326,2,,0.6101711744608665,0.6101711744608665,0.6383331522069746,2.0218612281140753e-11,21.551255607049224,True,False
S071,8,160.0,64,20000,1.5429378471988713,3.7029051054738433,0.8024378831071781,0.8898584240759837,0,,0.8907937778360248,0.8907937778360248,0.8983701061772615,4.126479710008919e-12,10.084433446454607,True,False
S071,9,160.0,64,20000,1.516837787926577,3.587148394852055,0.8953176564756229,0.88942626149527,3,,0.7289637985561179,0.7289637985561179,0.7050717704449508,3.629956109929597e-14,6.36164750187309,True,False
S071,10,160.0,64,20000,1.5738596531547833,3.635289778563844,0.85988818675203,0.8922328342637664,5,,0.8278820005360599,0.8278820005360599,0.7205986565290929,-5.350852346016194e-13,9.295480045422872,True,False
S071,11,160.0,64,20000,1.5143956105312637,3.6817182337962087,0.8072622574154416,0.8900960167627281,6,,0.8602454972164895,0.8602454972164895,0.8474708440186096,-3.448407695044469e-12,7.476221127113928,True,False
S071,12,160.0,64,20000,1.5782122843940924,3.647889392337852,0.8335672763777302,0.8742364994398827,3,,0.6245176008956945,0.6245176008956945,0.5481937890976696,6.746286047325241e-13,12.62328967233273,True,False
S071,13,160.0,64,20000,1.4853352964937727,3.678568610335498,0.8265805978714291,0.9047452232003765,0,,0.827862778979971,0.827862778979971,0.7952172229042395,-1.2466111433105263e-14,5.931531350626986,True,False
S071,14,160.0,64,20000,1.551190205107354,3.722206127274802,0.8380501900859845,0.9032231143664902,2,,0.8177452528997535,0.8177452528997535,0.8101396477248888,-3.9826868052323014e-11,6.912503093634671,True,False
S072,1,160.0,64,9760,2.2185110250340334,3.2712628813484415,1.0005832538468677,0.6115663454447017,3,,0.7488910615504499,0.7488910615504499,0.8293119263789783,1.3028045001491654e-08,9.414929329052447,True,False
S072,2,160.0,64,9760,1.5903835016152064,3.164108018456494,0.9100667710349815,0.8865447162262808,1,,0.8015355207700748,0.8015355207700748,0.5747762231187229,-4.6353506671074215e-08,11.882453180021619,True,False
S072,3,160.0,64,19680,2.3863994185016866,3.234764612183043,0.9449047224387219,0.5648538453688292,1,,0.13506039290710006,0.2272952803043726,-0.10412659491083028,1.214779523530981e-11,5.262067971510681,True,False
S072,4,160.0,64,19680,1.7837799955976896,2.901822090365177,0.9169375947131082,0.7688396821170473,4,,0.03895564926614704,0.3124823828563895,0.011995864130046514,-4.608037667262464e-13,6.038494358843891,True,True
S072,5,160.0,64,19680,2.51190396708747,3.3308653179513623,0.9709305546118301,0.5337342446394006,8,,0.02686785063448636,0.2520484538703937,-0.01644732108140127,3.649705892382134e-12,5.144307011745767,True,True
S072,6,160.0,64,19680,2.417570301786399,2.986215326843914,0.9811415528407792,0.5404539310857793,5,,0.02524974799012844,0.2774957997333058,-0.10662740066242767,5.663493830868194e-12,6.595451693150017,True,True
S072,7,160.0,64,19680,1.6384137206833806,3.1602983820072614,0.9352140765170558,0.8480349311115952,3,,0.0027946914932467735,0.2782715941345046,-0.0552873166488423,2.400487667157243e-13,5.202993987900013,True,True
S072,8,160.0,64,19680,2.434617706213671,3.057031174994137,0.9557432456860269,0.5416138872297787,5,,0.07532612542439042,0.2745609599382556,0.0738357590892491,-7.37803718264427e-13,5.215790871455586,True,False
S072,9,160.0,64,19680,1.8242455984577683,3.03638574859138,0.9570084599938754,0.7775429782553769,2,,0.020100595858857203,0.2994839091137755,-0.03273710874988065,8.856475478876142e-16,3.5846296532622715,True,True
S072,10,160.0,64,19680,2.3566034041835566,3.0695613298623465,0.954780788873249,0.5624620568443457,2,,0.09548706629637946,0.4142191620605903,-0.36846284953739894,-2.2152496231258463e-12,7.240851064593925,True,False
S072,11,160.0,64,19680,1.6647055721027297,3.234119213603405,0.924282034424186,0.8634513151355455,3,,0.00876222553504553,0.2913326350083146,-0.028819691881539655,6.134545509988845e-13,4.660090689998001,True,True
S072,12,160.0,64,19840,2.274603639253346,3.2112893667367253,0.9916479171609519,0.5963303216986342,3,,0.7615482525949384,0.814832898126741,-0.0757544373009213,3.8073183743759363e-11,8.136399352894445,True,False
S072,13,160.0,64,19680,2.289638376953715,3.208864383966578,0.9323030866368299,0.5902373683991963,2,,0.026225889773139825,0.3351176099030442,-0.023722305929079694,1.4006319582146767e-12,4.030020611349165,True,True
S072,14,160.0,64,19680,1.5956871106445778,2.860014488847048,0.9529528421825584,0.8349260932508407,5,,0.018868481210139697,0.25468196528297327,-0.16105557927319106,7.305858977252846e-14,13.912594968472908,True,True
S073,1,160.0,64,9760,2.3686797735235685,3.663686849538747,0.9349475450942395,0.574316461409234,1,,0.3720285206639953,0.4976147989916253,0.8562634989215919,4.73249844629076e-09,10.68617720994333,True,False
S073,2,160.0,64,9760,1.497153955176496,3.2254556353339288,0.8085854308891693,0.8840860211170638,2,,0.6798404340010032,0.6798404340010032,0.7338638065130989,2.5908935975235295e-10,7.654900217979989,True,False
S073,3,160.0,64,19680,1.6279397027012774,3.3109691959920333,0.9013245510289704,0.866329666107372,2,,0.00494236953550508,0.33385299149038383,-0.03326136649627508,6.240732339030229e-13,4.190768716391547,True,True
S073,4,160.0,64,19680,2.3219126594728445,3.043029503352716,0.9212585290774434,0.5693153456923526,3,,0.03190100302396181,0.30549685672718185,0.006958881682829654,-1.0672160227432712e-13,4.376449306400409,True,True
S073,5,160.0,64,19680,1.589056751096778,3.26737262600545,0.8791996754415026,0.8741374098325929,1,,0.005693296481680868,0.2829467499927779,0.0018599575904319366,7.473246799400461e-13,3.77257061685279,True,True
S073,6,160.0,64,19680,1.5091845691510928,3.1399469972338485,0.8823758476790977,0.8873479060185462,3,,0.10152140360671136,0.2462827173997141,0.014786917278192327,-6.385474939719606e-13,5.869583303485283,True,False
S073,7,160.0,64,19680,2.197614799869224,3.2187288552091684,0.8958355935523495,0.6285168781465946,4,,0.02513507030566887,0.2790014307576992,0.05006591853506459,-3.821453418792882e-12,6.249474490744211,True,True
S073,8,160.0,64,19680,1.529406636654386,3.050864918254756,0.8869509482764644,0.8795259968127145,2,,0.011246334280584577,0.2959407506581481,-0.047015207798098896,-1.9436489986022656e-13,4.189751611857167,True,True
S073,9,160.0,64,19680,1.6076173167665937,3.2100865065148114,0.9004364639757654,0.8629139233403855,4,,0.14822994357353456,0.2904123911179302,-0.24457612463652129,3.856994140017364e-14,6.342027042676723,True,False
S073,10,160.0,64,19680,1.5879310724739668,3.11102533736614,0.8824844766078699,0.8741050913866754,1,,0.04103373522193015,0.28193013301983516,-0.13317913039898305,-1.0435568244269688e-12,5.017026705774059,True,True
S073,11,160.0,64,19680,1.5250668170491704,3.2584555453193147,0.8791781492181165,0.8884604377546936,1,,0.007578667794749401,0.2229352364489924,-0.0941807850771714,3.41850202190262e-13,3.8198153552032847,True,True
S073,12,160.0,64,19680,1.495163802527471,3.13995753288829,0.8777319868029958,0.8915179100795629,0,,0.05477178410332359,0.21759633972958842,0.07765501721053336,5.274301125951982e-12,3.139885114953886,True,False
S073,13,160.0,64,19680,1.5358380638655027,3.2108021050435074,0.8864909124884832,0.8884807135585984,3,,0.09353540019884152,0.21529582788052734,-0.0015148911432528375,3.0402684712138847e-12,6.295304328326158,True,False
S073,14,160.0,64,19680,1.6058205757623454,3.0548429185809596,0.8841587312574204,0.857349739403604,2,,0.012495607565293637,0.2488970898231872,0.008251937531326548,6.240448915407173e-13,3.5992399480339325,True,True
S074,1,160.0,64,9760,1.5186205974222506,3.44449345409602,0.7609343949145155,0.8717356069478351,2,,0.6444319470524966,0.6444319470524966,0.8206546524980411,-1.5511002478991342e-09,7.3735377406171505,True,False
S074,2,160.0,64,9760,1.5368442389618249,3.3175495130232795,0.8392678691151443,0.8938337000063977,1,,0.7253831304849255,0.7253831304849255,0.8020561111323676,5.347735505099564e-10,8.937861274993965,True,False
S074,3,160.0,64,19680,1.5693506030207223,2.7660828058654645,0.8952466832434598,0.8443048188143545,3,,0.008996671956380278,0.2838056772834488,-0.008610277154841268,2.3542283371107336e-12,3.849773743210179,True,True
S074,4,160.0,64,19840,1.9004116288363322,2.952458608606266,0.9278784512213901,0.7210907969227065,5,,0.7460823598548945,0.7460823598548945,0.7164080825269884,2.1618784306014183e-12,5.163552407646848,True,False
S074,5,160.0,64,19680,1.5770280100668979,2.9387749356393065,0.8805600879314952,0.8659268383383542,3,,0.01168765593367933,0.26766138370283876,0.005281690824837884,2.7369992657858576e-12,3.7085212962732004,True,True
S074,6,160.0,64,19680,1.636543902524008,2.9136967720590583,0.9605510674449969,0.8378031718988879,2,,0.029971261783550054,0.2951182281741238,-0.010054341217019681,-1.9539416022078704e-11,4.199353856239919,True,True
S074,7,160.0,64,19680,1.5192049703327428,3.107303884346436,0.9193488763732798,0.8887113707312786,3,,0.035880298346617184,0.19730052692935446,0.0767003476662484,5.696255468097495e-13,4.521420652276962,True,True
S074,8,160.0,64,19680,1.5183165321817138,2.9691873955126526,0.8547046651041171,0.8738401811158318,1,,0.00574667259795184,0.2636658133619668,-0.1045883223237737,-6.698307427937546e-13,1.8728407021805518,True,True
S074,9,160.0,64,19680,1.559345726912223,2.985577721675918,0.8994777135121474,0.8687276304520042,1,,0.014636222004204988,0.31050158074692985,-0.05961650823494963,4.028722229663163e-13,3.8633150449548164,True,True
S074,10,160.0,64,19680,1.5843675704587175,3.03525712585774,0.8493266060304623,0.8597919148468601,3,,0.0018429516536674182,0.3018651038582026,-0.168808372553201,1.817242053431506e-11,2.873347384785787,True,True
S074,11,160.0,64,19680,1.5991802357990634,3.237619124967751,0.8865523920232492,0.8774596334134241,4,,0.006812954064099493,0.2909895832344791,-0.030677332221868407,2.403323313665797e-12,3.6559291227594053,True,True
S074,12,160.0,64,19680,1.5739661438481738,3.025879550646054,0.8371204182921067,0.8633089964811511,1,,0.007150519928926213,0.2880133669994009,-0.19847864690919914,5.07057562786608e-12,2.668542094264335,True,True
S074,13,160.0,64,19680,1.5592430116073492,3.039299088255364,0.9252082414551425,0.8750423250195921,2,,0.014836832352423366,0.30300292042795324,-0.004769720200980182,8.774479675315013e-13,2.9470741252775565,True,True
S074,14,160.0,64,19680,1.525708185092335,2.9163691166319152,0.8693831752186412,0.8736658483605007,2,,0.09437512833331235,0.28599898448788313,0.17487235129420722,2.0708661026252756e-12,5.902795244143239,True,False
S075,1,160.0,64,9760,1.5045408404883307,3.8963791779683175,0.8681058821572529,0.9184169266597535,1,,0.7075832724379932,0.7075832724379932,0.8386851295035844,-1.6354204552780457e-11,10.057583094346551,True,False
S075,2,160.0,64,9760,1.4832978548452391,3.7411885007043235,0.8359720297625771,0.9102042808587658,2,,0.8023078140432635,0.8023078140432635,0.7148513951248039,-1.0121660460568979e-08,19.199749040319723,True,False
S075,3,160.0,64,19680,1.6541362732868703,3.7465229757538445,0.8950631274245777,0.8795339593497508,5,,0.007510351932690968,0.2904573219760924,0.010830453876445725,9.699992500009674e-14,6.735564731032564,True,True
S075,4,160.0,64,19680,1.5528399856430481,3.801179163797331,0.8513924086155972,0.9019279615727533,2,,0.02349574070377696,0.22868839269592545,0.00038525392636112876,3.667049101984571e-12,5.119030471661292,True,True
S075,5,160.0,64,19680,1.6277705311363015,3.7989922222150527,0.8697614984268778,0.8795943062813824,2,,0.028802786451684437,0.2967625057318854,0.09427615110358586,9.209720575542566e-14,5.694384555603304,True,True
S075,6,160.0,64,19680,1.5659307604924089,3.8180265663625264,0.879720415872193,0.9093723331789714,4,,0.014053249182291505,0.47321399978015766,-0.06464630774220759,5.615040392346865e-12,18.49666915996707,True,True
S075,7,160.0,64,19680,1.770676087604905,3.8111079032489794,0.8957989222513023,0.8357255652958915,1,,0.041724459334160316,0.31954795040567496,0.08115438262928026,5.566379703400296e-14,9.595134258451216,True,True
S075,8,160.0,64,19680,1.664299108179222,3.8808043920286504,0.8705386859508719,0.8636780871378332,1,,0.02767103280360838,0.2556919807665011,-0.01111244498058003,6.976639383525096e-13,3.1033325804411547,True,True
S075,9,160.0,64,19680,1.6143898429412538,3.8098259462230804,0.8746783325423758,0.8938252051749855,0,,0.012523756950860224,0.29390168104503434,0.0021224446744663866,-4.714804102010863e-15,6.759986391432743,True,True
S075,10,160.0,64,19680,1.5044287140373023,3.8935682509305525,0.8734276541820019,0.9225443454690588,1,,0.02350914082650104,0.2604398880616178,-0.06661481133889202,-5.649127925861913e-13,4.032033814281394,True,True
S075,11,160.0,64,19680,1.637867998888397,3.7844259329027268,0.8919931906651815,0.8904851712667436,0,,0.00811961979707188,0.25124791569728605,-0.1530065028460386,-1.9480572225092798e-13,5.286004122611492,True,True
S075,12,160.0,64,19680,1.5742252003231774,3.8230694181300704,0.860749715312026,0.9047219142372491,0,,0.07598952075985195,0.2527080426711967,0.0724370585707112,-3.768024266937533e-13,5.265547232402674,True,False
S075,13,160.0,64,19680,1.6449853656050066,3.8068970137704436,0.8893971262078797,0.8859249800708096,1,,0.006161969820279939,0.2970357208603934,-0.11702468959168252,5.431881047132079e-14,4.9158903474804845,True,True
S075,14,160.0,64,19680,1.5305352770306846,3.839292891330029,0.849167138703095,0.9135492035137975,1,,0.040498306180490704,0.2658152260089681,0.006750043440681742,1.6294786319165424e-13,3.821585547056189,True,True
S076,1,160.0,64,9760,1.55985408868932,3.5802793367373362,0.8529705849877876,0.8903207997865148,4,,0.8188143987701083,0.8188143987701083,0.7287647633121561,7.495163275469616e-09,9.315707854023971,True,False
S076,2,160.0,64,9760,1.5312945688585813,3.5308420372833824,0.8258161408999043,0.9041903682436851,3,,0.883730034885801,0.883730034885801,0.5513691069583325,-9.932380188969638e-08,13.914858869385396,True,False
S076,3,160.0,64,19680,1.603509677185459,3.5086157183801214,0.8008206302927181,0.8650368715715685,2,,0.017107712034201875,0.2816371547651429,-0.040659570368193634,-2.7944765983666503e-13,4.091426344150941,True,True
S076,4,160.0,64,19680,1.5410713556283544,2.958827457833878,0.8460135151584791,0.8711640345336661,3,,0.046682890006645106,0.31388723441472455,0.040353438728152474,3.172208096936207e-13,10.071643712972286,True,True
S076,5,160.0,64,19680,1.5809244527179451,3.385083071288327,0.847678310463662,0.8842713952265271,0,,0.03221410149794579,0.27828277342410696,-0.012894218906185893,-1.82708944162592e-12,5.156423117667933,True,True
S076,6,160.0,64,19680,1.6285024069237828,3.1404819706128797,0.8366927089617751,0.8395499043551238,2,,0.017386977083448416,0.3055841790095939,-0.006392544944567542,1.111841855475577e-13,6.840493412025011,True,True
S076,7,160.0,64,19680,1.5373992511202286,3.0941767269777523,0.8679584700610123,0.8790181034775125,0,,0.006180628315491317,0.3275349455446884,-0.08130783778418106,2.3279709732125233e-12,4.625762219950618,True,True
S076,8,160.0,64,19680,1.6575297714130575,2.960589091069676,0.9044382742098809,0.8326138211810346,1,,0.001818388306934619,0.2638582993761022,-0.009789079615865405,2.940283894435999e-13,3.586869630473414,True,True
S076,9,160.0,64,19680,1.5522857296729602,3.102040948540844,0.858116874497401,0.8695325643692546,1,,0.05368967552530022,0.3025200354966592,0.09117077923267887,5.138823343534811e-15,4.451368552399437,True,False
S076,10,160.0,64,19680,1.54507434745973,2.7747872138451424,0.8105199168886292,0.8462363553414483,5,,0.023333549397723943,0.2464319362667326,-0.04583540282357931,-1.6241957086582356e-12,5.890310951449853,True,True
S076,11,160.0,64,19680,1.614249384537514,3.054447449404558,0.9459260014541284,0.8572568499582707,3,,0.020899384886783258,0.2625189726945979,0.036184680083813495,7.046704369798904e-12,4.928808124928348,True,True
S076,12,160.0,64,19680,1.564007691800919,2.977316161144895,0.9098935596843287,0.8609796823849203,1,,0.006960023669301801,0.30886470042512254,-0.02115595488655707,3.777328824265999e-12,3.4580853541539116,True,True
S076,13,160.0,64,19680,1.553221948806057,3.075759206294018,0.908282064430918,0.8708946757996233,4,,0.0714510039085584,0.24411439637710006,-0.027191433079838248,2.071472545373172e-12,8.784056951875808,True,False
S076,14,160.0,64,19680,1.5209320186899427,3.0830241430656695,0.8989541228594915,0.8827849743495377,4,,0.0030486764132600375,0.28871520384318206,-0.08931588146407111,3.820561296599801e-12,2.461402993567169,True,True
S077,1,160.0,64,9760,1.595742034067039,3.725485639277818,0.7728358029143788,0.8794392031133879,3,,0.8158609113134168,0.8158609113134168,0.7716678340932206,-5.158459069571334e-09,17.515713503735196,True,False
S077,2,160.0,64,9760,1.4969344002517402,3.7281124599523965,0.8361737436952034,0.9091260412920956,2,,0.8604763886812506,0.8604763886812506,0.7485330177666095,1.0248707464091852e-09,7.115102975873457,True,False
S077,3,160.0,64,19680,2.1620069449111967,3.8822266191625916,0.8744424257869369,0.6604043591385551,4,,0.008031538898481051,0.24618051178018593,0.0010786449049569186,1.6645860437731849e-13,3.804265828607591,True,True
S077,4,160.0,64,19680,1.6264994655148588,3.842295279140422,0.8626310441626217,0.8928953519525547,1,,0.03030519314147637,0.2966782650460823,0.061264313277828594,2.4925788210539636e-12,6.289082439452039,True,True
S077,5,160.0,64,19680,1.6121472134289945,3.764254808485817,0.8747047207895704,0.8914117164803526,3,,0.027087919053494166,0.21857601640320604,0.09036212929619261,5.57044188838579e-12,4.826547965050487,True,True
S077,6,160.0,64,19680,1.638106797233533,3.7047904398215445,0.9056606852435155,0.8849031776429613,3,,0.0018853493735038623,0.2824207921154731,-0.03297867583133689,9.152724686696779e-12,10.253442498690651,True,True
S077,7,160.0,64,19680,1.6254157373210378,3.847902843091939,0.8729274890832688,0.8885907313920903,0,,0.021944876954717578,0.24108426529746227,0.03716169902636848,4.670964869625341e-14,4.943701381282932,True,True
S077,8,160.0,64,19680,1.6327143574914649,3.7748386422691382,0.8598026133218561,0.8821870673449079,2,,0.03777454963487084,0.31783690906355855,0.09970983152830643,-1.8284514972009281e-13,5.002167343038073,True,True
S077,9,160.0,64,19680,1.587622729893325,3.7260711506254784,0.8405031873786037,0.8806932177768171,2,,0.013979218061283601,0.2700448250220661,-0.011501322955348305,3.1355603697193127e-13,6.187558255169179,True,True
S077,10,160.0,64,19680,1.548549086486298,3.792146394501472,0.8584116501672013,0.8932064394279802,1,,0.01313838436970005,0.23085333433871216,-0.04125760995229244,2.0538644756463286e-12,9.499097902443818,True,True
S077,11,160.0,64,19680,1.5762666562041785,3.8480665837085857,0.8376172878716843,0.8987683291720944,8,,0.017729548871296737,0.2832926944288095,0.03125636145906334,3.563685264221315e-13,9.465769531186849,True,True
S077,12,160.0,64,19680,1.5718877239696472,3.8159768371883507,0.8699013781166688,0.9037267340160503,1,,0.0108205582971008,0.30411533301722987,0.0019504257731463893,1.342928918751147e-13,4.555671088715061,True,True
S077,13,160.0,64,19680,1.5303844011414984,3.917788219555084,0.8096110287794012,0.876679183719697,4,,0.006554804363851514,0.24036715959320376,0.0024010363157806677,4.4993786168411414e-13,3.3462942207160546,True,True
S077,14,160.0,64,19680,1.6065889802031212,3.825807287070338,0.8666907599348492,0.8912679352576629,1,,0.013838362786524956,0.21361988522691705,-0.10671671298547339,-7.822055681512347e-14,5.586542716770215,True,True
S078,1,160.0,64,9760,2.276340777577341,3.5159950362224994,0.9637582773719722,0.6093146013996555,2,,0.7998853120360064,0.7998853120360064,0.8429558077373992,8.988967661360292e-10,17.0008903640815,True,False
S078,2,160.0,64,9760,1.5102480212314673,3.498068585091925,0.7804658458457087,0.8913775245325848,2,,0.8460841580098106,0.8460841580098106,0.7257407448499446,5.286985212247901e-09,7.316613210558494,True,False
S078,3,160.0,64,19680,2.4508512644669285,3.638522925653864,1.0159818388882529,0.5582674142995383,8,,0.0038985935762113253,0.2898831655173764,-0.04566000638983597,1.0986356166443253e-13,7.71447761589977,True,True
S078,4,160.0,64,19680,2.5003491024461213,3.3952503505530673,1.0143616290853723,0.5364711348997904,4,,0.014042901827790938,0.4396103825876774,0.08308370347042185,6.645243340994736e-12,5.749885070564776,True,True
S078,5,160.0,64,19680,2.398013342261976,3.6264092286611973,0.9485490378604416,0.5714760288369918,8,,0.06088513991550938,0.2879512214765711,0.08348362862646964,4.297430440765861e-13,9.05579275077967,True,False
S078,6,160.0,64,19680,2.3324997183726657,3.462751344479185,0.9930222462910918,0.5867675365645159,5,,0.019620571261438624,0.31394079189094165,0.05676544942624513,2.924919301455873e-11,7.963315015745437,True,True
S078,7,160.0,64,19680,2.455808212361174,3.6124559688772395,0.9780199793892944,0.5551397865122659,7,,0.05490423420584021,0.279448871218329,0.09222286736877572,4.1471807505510215e-13,5.75463893518704,True,False
S078,8,160.0,64,19680,2.5059375396905255,3.467576453936525,1.0048207189349483,0.5329873328675744,7,,0.08815277376615771,0.3207296265135346,0.0804537741173925,1.1751046289694862e-14,4.13339332568874,True,False
S078,9,160.0,64,19680,2.425232514729679,3.6171855509921356,0.9685550727933299,0.5640347095418634,6,,0.08670816955363547,0.23724993151790616,-0.1581423108769086,-7.664307235603028e-13,4.925097571988198,True,False
S078,10,160.0,64,19680,2.369724702016387,3.479570657288547,1.0013128294383067,0.5729378190066545,9,,0.013256063791432904,0.2843371671775675,0.06344770096311458,3.473443195207502e-12,4.719565942333964,True,True
S078,11,160.0,64,19680,2.5100827523787625,3.4962193701556155,0.9878816916366192,0.5392813900072302,5,,0.019020655727101286,0.2396786625955638,0.03827538237115679,3.822404901147149e-12,4.366841649425929,True,True
S078,12,160.0,64,19680,2.560680970826437,3.4429852382723727,0.997166367232152,0.527731585059965,7,,0.018168115199550413,0.36159974697651265,-0.029402758192214704,2.7297934102833477e-11,3.7693902902822463,True,True
S078,13,160.0,64,19680,2.349946940042706,3.5983235151687705,0.9795157602529043,0.5802454087315612,8,,0.032241947433246015,0.28761173537108714,0.10677457340038998,7.062625936846424e-14,2.733383822070424,True,True
S078,14,160.0,64,19680,2.472609168701951,3.517297814432143,0.9832540997247876,0.5463165747855849,9,,0.04967490685727366,0.24758874840762887,0.1475948201807069,1.5691243547335873e-13,4.795108804623678,True,True
S079,1,160.0,64,9760,1.5909307703724076,3.705185234333291,0.8347524097152013,0.8864989768938312,1,,0.7700122908454039,0.7700122908454039,0.8238744050713052,-5.18921495769571e-10,11.96659048593942,True,False
S079,2,160.0,64,9760,1.5086591853451063,3.7006753996076576,0.8349796135202733,0.9139589030254986,1,,0.8127670321801619,0.8127670321801619,0.8099116769187469,-1.93409005061521e-11,5.974908251709135,True,False
S079,3,160.0,64,20000,1.5511672027164511,3.60280146786045,0.9038912203891352,0.9081799386837897,0,,0.5905263199252363,0.5905263199252363,0.637298205029316,1.5146579226969191e-13,7.270859110799744,True,False
S079,4,160.0,64,20000,1.549857357727781,3.6089910833610013,0.8839599726375443,0.9001602429211198,2,,0.7448809116366495,0.7448809116366495,0.6378124734301163,-1.0193695642809443e-11,5.000319514556105,True,False
S079,5,160.0,64,20000,1.5835610984166517,3.6690950189440956,0.9258003806917912,0.9036121114859874,4,,0.7323684113712408,0.7323684113712408,0.7064867814083161,2.9102396575654384e-12,9.15132490603179,True,False
S079,6,160.0,64,20000,1.5984350274976584,3.520547431367195,0.9662866763728185,0.889432407679722,3,,0.28583828171811754,0.28583828171811754,0.34613817874654895,-8.2644712174207e-12,8.084426876174964,True,False
S079,7,160.0,64,20000,1.6204863076177327,3.679210033528192,0.9745334869149287,0.8911697168653431,3,,0.45272028972920064,0.45272028972920064,0.4608715883302211,3.957778216317692e-14,6.987986537197322,True,False
S079,8,160.0,64,20000,1.640882156292845,3.5663603733002036,0.9764659091333694,0.8779035102607615,2,,0.38340128912297883,0.38340128912297883,0.4185665995510595,2.654162771026029e-12,9.747807824727868,True,False
S079,9,160.0,64,20000,2.0328574847634937,3.7312613039101965,0.9174839910331731,0.7200164202809087,2,,0.31340447310719627,0.31340447310719627,0.35138159984938355,1.0959884908545437e-12,5.7874043230175705,True,False
S079,10,160.0,64,20000,1.5992326425889587,3.6075654430467248,0.9883789525119269,0.9001759018722548,1,,0.15360563863518564,0.28972980818230964,0.28232705604379926,6.269923550662182e-12,3.992325006014111,True,False
S079,11,160.0,64,20000,1.5914932681341267,3.6803279455804327,0.8975084208163165,0.89474517096772,2,,0.16803823798511,0.32795779176778983,0.28439509843494476,-3.903356723623064e-11,4.942067940960222,True,False
S079,12,160.0,64,20000,1.6417506718783716,3.6894697955946034,0.9272318585356343,0.8580775041923416,2,,0.2964707719225546,0.2964707719225546,0.19510377140715793,1.380880576792625e-14,4.119391719415557,True,False
S079,13,160.0,64,20000,1.8578071279486357,3.647385582625269,0.9888337463866625,0.8056258937017993,3,,0.41684197935188955,0.41684197935188955,0.40914344053550794,-1.3676750458859357e-12,3.80455902812152,True,False
S079,14,160.0,64,20000,1.644911280326716,3.5143055301206436,0.9725056625752895,0.8821270916544371,0,,0.30013326131643053,0.30013326131643053,0.20631764510162595,3.5350285005560077e-13,9.862447735570472,True,False
S080,1,160.0,64,9760,1.5340185625148335,3.3797897069830154,0.780816863843907,0.8727137725781353,1,,0.8735078496575761,0.8735078496575761,0.6178469236384329,1.635528122269796e-11,18.200888361178418,True,False
S080,2,160.0,64,9760,1.505146268035233,3.491389072978947,0.795360378646671,0.8915418361346192,4,,0.7022975320920819,0.7022975320920819,0.5215043169215801,-4.491718866062152e-08,10.12995534080173,True,False
S080,3,160.0,64,19680,2.35892061727879,3.7106933739434798,0.9064677163953929,0.5800318090175174,5,,0.033394272757709606,0.2838321053832246,-0.05157710292397638,-1.1277059435735427e-12,7.069138185195065,True,True
S080,4,160.0,64,19680,1.7407324286790602,3.4094506778945033,0.8938349700108621,0.8043197775914657,4,,0.0713413194033728,0.26296717635884137,0.05623867788790138,3.2851925631591744e-12,11.745881145255975,True,False
S080,5,160.0,64,19680,2.3861298839459772,3.7540351037823667,1.0104400780792477,0.5721465507412862,5,,0.017411971272647337,0.25666448167138506,0.01738516083347294,5.30005413560628e-13,6.267551070290338,True,True
S080,6,160.0,64,19680,1.607559649827397,3.4688590968611233,0.8778098363029037,0.8346872010772833,1,,0.016584465366522284,0.266497606329224,-0.1679158201765712,8.098140813197013e-14,14.170319274927056,True,True
S080,7,160.0,64,19680,2.2826793006608037,3.7782464313783617,0.971441280289883,0.6157050044847663,3,,0.036279764942366836,0.27851681288548663,0.07603052707000804,5.046328587500225e-12,4.488513958352048,True,True
S080,8,160.0,64,19680,2.362423390264258,3.6307529014884294,0.895827447388096,0.5742164113303948,5,,0.03322287892294383,0.25214371746295905,0.06934678405462237,-1.573811712106544e-13,10.728377943345532,True,True
S080,9,160.0,64,19680,2.3026954320510225,3.6703215976765944,0.9146497290374032,0.6037281168902405,4,,0.006452053326300175,0.27388791726823564,-0.05106254346656586,2.9674562624700817e-13,8.264085006014232,True,True
S080,10,160.0,64,19680,2.5288505167246376,3.776653304942144,0.9251189488728342,0.540703904801898,7,,0.04064584515837702,0.26981758378031284,0.0008089688241151444,-2.681026784607191e-12,4.144242575747719,True,True
S080,11,160.0,64,19680,2.375902350569614,3.7744752714899676,0.9064736345427999,0.584508120646462,6,,0.009126159156840298,0.25663553748967627,-0.07669832002071737,-1.1564115828399448e-13,10.3105747059607,True,True
S080,12,160.0,64,19680,2.4386380573906226,3.5281876222606514,0.9488365862087047,0.5482315456173923,4,,0.03287858025183574,0.18077317925129682,0.039639341797758285,2.0454619961923062e-14,2.733123776420787,True,True
S080,13,160.0,64,19680,2.53054241873403,3.7247757739513414,0.9512913675327093,0.5396559914444226,5,,0.009167835783868455,0.2681085952134611,-0.1483161753671925,1.274142434591361e-12,2.8906674547532853,True,True
S080,14,160.0,64,19680,2.5144518918035588,3.843787015082256,0.9776228487990177,0.5480695540684893,7,,0.07152126787967561,0.27192907769193203,0.05744810240991519,7.053203150166917e-13,3.273474676930488,True,False
S081,1,160.0,64,9760,2.645028823942803,3.8776185509428664,0.9340202045674655,0.5239693962414211,4,,0.7726238346603896,0.7726238346603896,0.7625353777113911,1.024241381434161e-09,14.029513493112455,True,False
S081,2,160.0,64,9760,1.5190076011323375,3.561895823079766,0.7706847426866074,0.8788205687454788,3,,0.7793357186841714,0.7793357186841714,0.7276025074995551,-2.5508805776767975e-08,9.122046786881233,True,False
S081,3,160.0,64,19680,1.74250324734858,3.563406138342639,0.9061364977106074,0.8400905464723842,3,,0.007283343965865146,0.2770582499153991,0.005547917854442072,1.811939951659098e-13,3.1868565825236743,True,True
S081,4,160.0,64,19680,1.670551661625421,3.494031136086061,0.9192427257733706,0.8551334130242894,3,,0.014801180531381861,0.22990102773062776,-0.05287366439562102,2.969048110105219e-12,3.624581312120315,True,True
S081,5,160.0,64,19680,1.6470914143370965,3.6231972071385012,0.9063014349424846,0.8799813525299438,2,,0.04530775518201432,0.28108216202508,0.0792277400295562,4.5241501163418656e-13,2.2508006948132775,True,True
S081,6,160.0,64,19680,1.519017377117756,3.7061070652818175,0.8493429228593878,0.9061521387490776,1,,0.006318458918940291,0.3110906309780859,0.02092002256887361,6.409864486366745e-12,4.424192531331143,True,True
S081,7,160.0,64,19680,1.4904117384610294,3.6350826273904193,0.9089637183011956,0.9197208049963986,0,,0.06218242631901549,0.27122996345888717,0.010060304065689231,-4.70665822197726e-13,3.484052259975611,True,False
S081,8,160.0,64,19680,1.654062389519515,3.673841636235906,0.8923215140267671,0.8829577871105645,0,,0.0184756073375514,0.2624274318518219,-0.014761995200598135,1.247250446559105e-11,3.6349226261003165,True,True
S081,9,160.0,64,19680,1.6446125136109546,3.5507819125829445,0.914464125503401,0.8819083792162836,1,,0.018612950399983993,0.3380122064370177,0.051051216975932734,2.1731092333309408e-13,3.7888852825744452,True,True
S081,10,160.0,64,19680,1.6012143905110126,3.6709593462608527,0.8578325606665379,0.8912000350571387,1,,0.44297429845376474,0.44297429845376474,0.42883359058214726,-6.732122334243298e-13,7.329327633116786,True,False
S081,11,160.0,64,19680,1.5386273148845235,3.667359447146073,0.8762313968639754,0.8997394450025502,2,,0.04504947795236832,0.28818809735611667,0.02897062364087133,-1.6081181039710492e-13,3.750564258649155,True,True
S081,12,160.0,64,19680,1.4963600253721003,3.584159127751123,0.8592466191656261,0.907366967906798,1,,0.06355341636166652,0.27917865705629186,0.07942983590327632,-1.1221457144828474e-12,3.360665401388122,True,False
S081,13,160.0,64,19680,1.7952602243744202,3.6240758497448784,0.8606977845887473,0.8294163046424621,2,,0.014103379654068748,0.2633042673073425,-0.03091582380130092,4.710140710671857e-12,2.6696970574005676,True,True
S081,14,160.0,64,19680,1.514829714100341,3.5209256401008115,0.8759821749179291,0.9069428435977055,0,,0.006538428695586422,0.2818770949800559,-0.008196405125277334,2.163741553791688e-12,6.636311965860466,True,True
S082,1,160.0,64,9760,1.532685017257119,3.3781569938079024,0.8162447953873901,0.8837152671662449,0,,0.5433331403672624,0.5433331403672624,0.8375587052895198,-1.679132350411224e-09,12.126716241837283,True,False
S082,2,160.0,64,9760,1.5162792300665275,3.505049463193321,0.7868206815845575,0.8902028900734998,2,,0.8601973332916268,0.8601973332916268,0.7361127161627463,-7.115585690590063e-10,8.410327496265715,True,False
S082,3,160.0,64,19680,1.5716118227389362,3.476774111945545,0.8932828289027334,0.8826647664547913,2,,0.058997707717824775,0.30821215591688206,-0.3181316772636343,-3.087682202713464e-12,5.877987114833954,True,False
S082,4,160.0,64,19680,1.5584669986307307,3.4246239269886,0.8116103395215719,0.8761134520073643,5,,0.003883299277836932,0.26716579960158254,-0.18553376546114164,3.5065932139143265e-14,6.259057715860533,True,True
S082,5,160.0,64,19680,1.5460686514451023,3.3589109418327014,0.8923267386656223,0.8936329247227572,2,,0.04764348149814739,0.22244007270839805,-0.07943761016472753,-3.516067604405816e-13,5.657428608559702,True,True
S082,6,160.0,64,19680,1.581040818618833,3.5479905382431314,0.8761336460855664,0.8954428809594872,4,,0.02476092690632431,0.3105194084092633,0.0030795919256223214,-6.685417327366341e-12,5.556753996020598,True,True
S082,7,160.0,64,19680,1.6081854831008462,3.644776850876016,0.8745985201582726,0.8821841696737054,1,,0.003901836132539242,0.4109389554133167,-0.8706026888275953,1.3125228580128244e-11,3.3401870452643383,True,True
S082,8,160.0,64,19680,1.5091676284251911,3.488063576250948,0.8600165425402617,0.9031721975090495,1,,0.011989180721959782,0.25271597600358936,-0.0191465805744771,-1.9808930518552497e-14,4.003215598975461,True,True
S082,9,160.0,64,19680,1.6017737448693312,3.686356085274852,0.8683168339536225,0.8906638071956932,1,,0.05968138081126968,0.23516210325258258,0.09593409104611965,5.22571030389887e-14,6.082727097645476,True,False
S082,10,160.0,64,19680,1.534027714677407,3.6165679295941056,0.8647472047446573,0.8999668371648428,2,,0.039960030188485166,0.24238307519374536,0.007727551583469314,-4.961560709533196e-13,3.838888155139312,True,True
S082,11,160.0,64,19680,1.5623859042927322,3.584390328441877,0.8752992800796345,0.901112094078273,2,,0.02873740417214836,0.31876883383527516,-0.05215836043581596,-2.1221130255313295e-13,2.293778147137303,True,True
S082,12,160.0,64,19680,1.614868149233762,3.554226676607989,0.8744989286628544,0.8865608662596625,5,,0.013398597579825412,0.2911396787164068,0.003915316181106798,2.2181371957737243e-12,2.3277849518170335,True,True
S082,13,160.0,64,19680,1.5854176402530324,3.583868693211982,0.9050460149787773,0.8984784752577357,3,,0.014693200991283847,0.237291750609285,-0.034405297543856225,-3.0602281202400784e-13,5.443543687142136,True,True
S082,14,160.0,64,19680,1.623484795521947,3.5968355142571573,0.8686813550689698,0.8766482466535479,3,,0.01638545995011512,0.2839082396268829,-0.05255625434822701,-4.669847672563109e-13,2.1087136838503113,True,True
S083,1,160.0,64,9760,1.4939222799674607,3.4815910206947565,0.8490199699267,0.8896618125033862,0,,0.531118451589531,0.531118451589531,0.8849575644963733,5.300402230354598e-11,15.796585506143792,True,False
S083,2,160.0,64,9760,1.4938797553768524,3.7121546196004136,0.8414124294066092,0.909017637860927,1,,0.6240777104383171,0.6240777104383171,0.363163091732007,-5.2171534194657465e-08,15.930058568834879,True,False
S083,3,160.0,64,20000,1.6109598289994633,3.792243237861583,0.9035667889069912,0.8904178190571561,1,,0.8453808438363891,0.8453808438363891,0.8741116938631821,2.3066453287448265e-13,4.507313003878361,True,False
S083,4,160.0,64,20000,1.6073979305948456,3.590248755367784,0.9078860207192938,0.8961191879641814,4,,0.8361022527745208,0.8361022527745208,0.832837238530094,5.935666147748877e-12,5.739868569762738,True,False
S083,5,160.0,64,20000,2.1194417708591704,3.7492527546020433,0.9138555831672188,0.67731372383331,1,,0.8286975735927096,0.8286975735927096,0.8069899805350663,-2.1265991577996608e-13,5.590888349262082,True,False
S083,6,160.0,64,20000,1.8051612897328098,3.687683209224911,0.8937967523299364,0.8268557952986572,2,,0.4950156740907722,0.4950156740907722,0.5055092702887437,-9.907570704340638e-13,4.150848069858322,True,False
S083,7,160.0,64,20000,1.5984279320167758,3.678787552823933,0.8633936572008605,0.8926619143521344,1,,0.7442627454489971,0.7442627454489971,0.6666241272501753,6.672638166038645e-13,4.667997579391137,True,False
S083,8,160.0,64,20000,1.5786898545339212,3.690568619396342,0.8484789297893531,0.8751606056141829,6,,0.8615867911321501,0.8615867911321501,0.9017252438929559,-3.970804928470437e-14,7.900981868367155,True,False
S083,9,160.0,64,20000,1.6054315794735183,3.871037842867571,0.8285874065028347,0.8931651469573934,0,,0.5276727132504743,0.5276727132504743,0.4910693473973427,1.7169772286543492e-11,3.198869371851307,True,False
S083,10,160.0,64,20000,1.5800402246834169,3.6842730157433476,0.8693043110911594,0.9003635919038304,1,,0.7160101408686592,0.7160101408686592,0.7571831910412088,6.3862653532112276e-12,4.961505507508752,True,False
S083,11,160.0,64,20000,2.4554301580931197,3.732274297321852,0.9318973312201921,0.5581664723683046,7,,0.8304200134253195,0.8304200134253195,0.7909740018674212,-1.0920215650782765e-13,4.931090145314994,True,False
S083,12,160.0,64,20000,1.5353112654556544,3.667868888750954,0.8582559446865528,0.8968388230837403,0,,0.8320789371242818,0.8320789371242818,0.7637770933689523,-4.6450549404070765e-12,6.275490564805969,True,False
S083,13,160.0,64,20000,1.621878526626892,3.7324521400885855,0.8582487818744419,0.8926406419632923,0,,0.7784687930021965,0.7784687930021965,0.8917174769291456,5.283007350186203e-13,6.408014186028908,True,False
S083,14,160.0,64,20000,1.5474077576457748,3.691679620214049,0.8763465066498319,0.9072110060309395,1,,0.7101236263476116,0.7101236263476116,0.6643423330448966,-7.074001534160714e-12,5.0581426694824145,True,False
S084,1,160.0,64,9760,1.5539373160764094,3.3727181444482657,0.9320737822331298,0.8986684338878977,2,,0.7074389821771289,0.7074389821771289,0.632784294997579,-2.660896921219689e-10,32.3101027258029,True,False
S084,2,160.0,64,9760,1.5978519064476426,3.703378996180395,0.8328419319849457,0.8823392796705943,2,,0.867991572753322,0.867991572753322,0.7996749973574916,-9.61700697360092e-09,18.8781869216767,True,False
S084,3,160.0,64,19680,1.6234290969988525,3.577995125953451,0.9510868137094088,0.888135729006736,6,,0.15777362687139854,0.2971027818890523,0.31054891917707583,1.2399196286783664e-12,8.687454191678285,True,False
S084,4,160.0,64,19680,1.6006641705099556,3.5881483225264055,0.9422598623988607,0.8952012044852842,2,,0.019249992799115927,0.23631784917896206,-0.0385670499269032,-3.0434222142201807e-12,4.529258871797692,True,True
S084,5,160.0,64,19680,1.5838156207169516,3.498563389591765,0.9604523884323195,0.8996122038675609,1,,0.013040813197263442,0.2911046655793408,0.0020191663154632278,6.297214699366292e-12,9.1748865948765,True,True
S084,6,160.0,64,19680,1.566805014847515,3.5821040104650246,0.9307759360259413,0.9053681974799874,2,,0.15199237129844267,0.28116181861460254,0.2188932438273783,1.2977701235960577e-12,8.963136914415093,True,False
S084,7,160.0,64,19680,1.6077733415368276,3.638711673179561,0.8780393999421077,0.8914251736222119,3,,0.007288515208857765,0.30612524216255355,-0.13245983571056982,5.176121671852754e-13,12.121223530766507,True,True
S084,8,160.0,64,19680,1.6020604321811125,3.54517165808695,0.9665624875124155,0.8937008914885901,2,,0.07395837541942046,0.29249909828547505,-0.051268035745747745,-2.2956621793643125e-14,12.80883498176368,True,False
S084,9,160.0,64,19680,1.60854095947793,3.7112770995146396,0.9385798382293343,0.893946622209775,5,,0.04991232633702676,0.2914133901577165,0.017971786446075742,8.726819560891199e-13,4.639392334866253,True,True
S084,10,160.0,64,19680,1.6450636444864,3.6163986093511684,0.9577742302379121,0.8843566068899607,2,,0.016906880150414423,0.3554708457702565,-0.29934448053843077,-1.2531074334650752e-12,4.398675932180248,True,True
S084,11,160.0,64,19680,1.5575146156564017,3.5896185272051575,0.8967404389710101,0.8990517214814794,2,,0.028242940844022058,0.2375727254577829,0.04263467535044103,-3.170129280865188e-14,13.969198340346587,True,True
S084,12,160.0,64,19680,1.5719447513714682,3.3942884168043896,0.9541726529744352,0.9021971961917075,6,,0.00346675393116135,0.2775178638721226,-0.11299489622072915,-4.3368733731969e-14,5.778386451012778,True,True
S084,13,160.0,64,19680,1.63138657994521,3.587120339559859,0.9473240114134283,0.8841962767558484,1,,0.023067788793988686,0.30677986961398623,-0.011665904723451415,2.702115597409545e-12,22.497194976115225,True,True
S084,14,160.0,64,19680,1.6114279864351715,3.456968237880229,0.9409065988658654,0.8927270982995139,5,,0.0468380693914545,0.4382728348854622,0.04656016791543045,1.139499932861686e-12,10.540816130933377,True,True
S085,1,160.0,64,9760,2.3027014569961155,3.6080101825490947,0.9509071432331901,0.5969323891208353,5,,0.784388045151466,0.784388045151466,0.4773860561863315,2.2019435190340245e-11,10.455073319986175,True,False
S085,2,160.0,64,9760,1.5248302064244743,3.3696373437080047,0.7177237585293677,0.8429391168629875,1,,0.6420747915150684,0.6420747915150684,0.8514570809556223,-2.5330741694911803e-10,10.123668415017931,True,False
S085,3,160.0,64,19680,2.462520849262771,3.5635178228991853,0.9843538669074365,0.5501238936996908,5,,0.03522758883664734,0.242279346732574,-0.0052759434891737345,5.543366270741788e-13,9.244430757062023,True,True
S085,4,160.0,64,19680,1.6709706802209494,3.4228554265237303,0.8914109363814162,0.8416073088634478,1,,0.09673086588863557,0.21212824798609933,0.026508799545591575,2.5744391132104245e-13,8.632390251565226,True,False
S085,5,160.0,64,19680,1.99305148769571,3.467933902689016,0.9517458822539095,0.7355882608091899,2,,0.03039817919034001,0.24390273808365118,0.03556393653992246,-1.6140612977338204e-13,6.2041381955383414,True,True
S085,6,160.0,64,19680,2.3020025335311787,3.4438667648909553,0.9541915305911812,0.587795106542963,10,,0.04242951204462037,0.2519578845714566,0.028679294730504346,-3.9796133722290264e-13,9.695290763344538,True,True
S085,7,160.0,64,19680,2.2245750968775964,3.5717890652050066,0.9742156794313943,0.6261863131707184,5,,0.011545909787272164,0.27333052830355864,-0.00038505913515185855,-8.077508756108429e-14,4.9989484063214125,True,True
S085,8,160.0,64,19680,2.3140651390976696,3.444311625072835,0.9415531210825507,0.5860976842385134,1,,0.042970283482886486,0.2615398893894454,0.024820987741083718,-3.3369834506799117e-13,4.2073536569645,True,True
S085,9,160.0,64,19680,2.590542763563657,3.5479436907757096,0.9937969091466082,0.526040311038245,6,,0.024616838955540878,0.28818291188333595,-0.09057694909897555,1.7866239569043322e-12,7.73687619262933,True,True
S085,10,160.0,64,19680,2.3153724356000467,3.5272191960381827,0.9335925312039874,0.5928920762383822,4,,0.04734233825620091,0.2533706457893421,0.07256548846963615,1.7106241414798268e-14,5.714934367284845,True,True
S085,11,160.0,64,19680,2.3494669741508427,3.6034907111742456,0.949937797717857,0.5852000217974498,6,,0.013733039324314914,0.26248464114317926,0.0449633390252097,2.4079801370577064e-12,6.096140531092547,True,True
S085,12,160.0,64,19680,1.587303065588471,3.3301082696198794,0.9319626582352785,0.8781736335515762,0,,0.04761780931094321,0.27273106883381004,0.013727109048388003,3.945465241184813e-14,10.801550462568551,True,True
S085,13,160.0,64,19680,2.3192162401612197,3.5807080959301856,0.9743630346468759,0.596254429296319,3,,0.08047720867861448,0.2708607404465633,0.07413477942094218,-9.29198646799345e-13,5.594008366569535,True,False
S085,14,160.0,64,19680,1.9885891252230519,3.4634821699436946,0.9097657602531544,0.7375453024713428,1,,0.024190086515960694,0.26709029250081384,0.05376921140220034,-4.710610312653376e-13,8.499025388077166,True,True
S086,1,160.0,64,9760,2.567221299660879,3.6961719460448528,0.9203582816207541,0.5355077965588904,1,,0.6821782917993773,0.6821782917993773,0.79031953465814,3.707148083634367e-09,20.128526496729393,True,False
S086,2,160.0,64,9760,1.5237929787621463,3.5132339186772548,0.9654428069788518,0.9118206234626272,0,,0.2922131040085005,0.49773013591485876,0.2937708015346915,1.308701602396478e-08,18.85693830170082,True,False
S086,3,160.0,64,20000,2.3621162939205913,3.7688215944383217,0.9961140114899432,0.5851796704141821,8,,0.41301883601620104,0.41301883601620104,0.4623353459195223,-2.2120050226816425e-12,21.479677346155075,True,False
S086,4,160.0,64,20000,2.369450472703512,3.8525366443024973,0.9690311197063394,0.5782837925615434,5,,0.10719990512101543,0.35564398439215944,0.15892912014611052,1.0641680611820812e-12,8.554744194149198,True,False
S086,5,160.0,64,20000,2.5853590077574347,3.66563732907895,0.9974389522846485,0.5302488529595051,8,,0.07562748607246306,0.2899043878288166,0.18302377858056051,3.4815241016869054e-14,5.960397471717747,True,False
S086,6,160.0,64,20000,2.5325888918272517,3.7417928268714395,0.9625944277925859,0.5420313385320006,5,,0.5092373820775722,0.5092373820775722,0.5203605449476317,5.32317419105443e-13,7.366949448950586,True,False
S086,7,160.0,64,20000,2.3727072248243886,3.543316194700275,0.9809934741608282,0.5783017761798246,8,,0.2916342371644546,0.3968329035008369,0.558660149760355,1.176947376056714e-13,5.398107724658892,True,False
S086,8,160.0,64,20000,1.8234640151172132,3.7456743603956157,0.9460249910138818,0.8178056727876746,3,,0.709449178938429,0.709449178938429,0.7080654893412456,-3.6571573018563846e-13,6.238115307166265,True,False
S086,9,160.0,64,20000,2.517860746935265,3.7110193797638757,0.9472744599896934,0.5419780713577012,8,,0.07841994934826897,0.25822557757245207,-0.06161136761760849,1.0190630193512575e-12,11.062745953789767,True,False
S086,10,160.0,64,20000,1.6552979815910724,3.612969192285245,0.9627988326768075,0.8728166960103563,3,,0.6278205903814303,0.6278205903814303,0.7096745101085165,-2.444189134642874e-12,10.958594917033281,True,False
S086,11,160.0,64,20000,1.6821800281933164,3.677391064403327,0.9497744531383213,0.8657434671034012,2,,0.10803575506943283,0.38920978397226624,0.2241994480331074,3.002267885039377e-12,9.264740842053518,True,False
S086,12,160.0,64,20000,1.6810837883250043,3.7109751608699657,0.9583955205584684,0.8731579211946513,0,,0.8615932427059497,0.8615932427059497,0.8700981163425022,3.179196715173039e-13,8.80329643258604,True,False
S086,13,160.0,64,20000,1.6606354225143518,3.667345961225081,0.9740471995145046,0.880633831280258,2,,0.726522706526044,0.726522706526044,0.7283115485780549,-3.7197568491218384e-12,12.160676823482953,True,False
S086,14,160.0,64,20000,2.303763623170843,3.7175302951463975,0.9330764917173447,0.6018114691461813,2,,0.6263519389242228,0.6263519389242228,0.6959353239677589,-2.071266214868264e-11,4.777021695700806,True,False
S087,1,160.0,64,9760,1.811053887686553,3.673136348732416,0.94118609758331,0.7963251623046789,1,,0.8489276153627558,0.8489276153627558,0.8179907367980539,-1.7106603574519089e-10,13.120179825450379,True,False
S087,2,160.0,64,9760,1.554495773835079,3.713283103645592,0.7708484847070172,0.8753874041121923,1,,0.8707155055373258,0.8707155055373258,0.7152464312423044,5.8821913928213585e-09,5.998268840489026,True,False
S087,3,160.0,64,19680,1.5648219071911418,3.538921278575297,0.809712247703994,0.8732048715228156,4,,0.037172534193405236,0.2720411412453105,0.05591395080984296,-3.637656703171557e-14,3.820940348467664,True,True
S087,4,160.0,64,19680,1.5934842864797119,3.6605112916995814,0.8700669195980498,0.8811017771276104,2,,0.01226822052037109,0.27297200285117706,0.016893635431916767,2.7198027096696543e-11,5.441629499337398,True,True
S087,5,160.0,64,19680,1.6383052496349553,3.6722883543443734,0.8130086459105661,0.8274345122396868,5,,0.001543920351383548,0.27153656751075333,-0.04578494978497072,6.0420760430346115e-12,6.197493620051546,True,True
S087,6,160.0,64,19680,1.570637826883602,3.547558064586834,0.8959870093021605,0.8971258028765874,1,,0.029944428308315913,0.2101752888355746,-0.04866540800304008,-8.39780310872063e-15,5.62824585280859,True,True
S087,7,160.0,64,19680,1.6375942642878716,3.653681814364221,0.7764910971059392,0.8141863930568792,2,,0.037083698867414965,0.2718385973522303,0.09246385194729145,3.954814924341454e-15,5.00092243814824,True,True
S087,8,160.0,64,19680,1.512043345744369,3.667681855797245,0.7715592593496106,0.8766013639156791,2,,0.025277596068465066,0.3495790545549226,0.038618982442332334,2.5816957183207966e-13,3.549801443611395,True,True
S087,9,160.0,64,19680,1.550572476708063,3.5049389287305988,0.7732631633229552,0.8752206652172498,5,,0.08427167100174372,0.3052194355327239,0.04003754282639248,1.8021455939649202e-12,3.727615044065174,True,False
S087,10,160.0,64,19680,1.565279308846199,3.5366832053862485,0.8047489992541166,0.8811778136548958,2,,0.05707784039187324,0.2553968050621084,0.04327299193910425,-9.566832885504654e-15,5.390731318332073,True,False
S087,11,160.0,64,19680,1.5187722363714604,3.675191039121146,0.7863420303924662,0.8845482405410339,5,,0.013904745815895729,0.2838161277715853,0.03901558196141641,3.7570426098027815e-12,3.374879959708061,True,True
S087,12,160.0,64,19680,1.5567291553821923,3.6686124200748145,0.8023880039566722,0.8657435526680122,3,,0.07292475446613267,0.21462025216475936,0.16232488433639458,6.56971870511456e-12,9.061824827852213,True,False
S087,13,160.0,64,19680,1.5696390638093316,3.782777817187717,0.7910838404447185,0.8738405890098941,5,,0.0007365092352318918,0.2757440525025649,-0.03119137122515183,1.8196832389429775e-14,4.4247740206072965,True,True
S087,14,160.0,64,19680,1.554208873420877,3.631764236024877,0.7941068814815859,0.8823453824393224,2,,0.0355659809629608,0.28166392806141616,0.026976224498855797,3.9643375590520135e-16,12.240264022080616,True,True
S088,1,160.0,64,9760,2.296962083196508,3.737524112748406,0.956688300223731,0.6043420091893901,3,,0.8235769103892974,0.8235769103892974,0.8004418811124973,1.6985465206190284e-09,18.043624263171868,True,False
S088,2,160.0,64,9760,1.6435001082053002,3.6151829456933364,0.8297442985251582,0.8552574925205475,2,,0.7641394690102011,0.7641394690102011,0.5989574812810744,3.6997522496942e-08,16.069835067006565,True,False
S088,3,128.0,64,15872,1.6703399267421877,3.6621300614394157,0.8922437465910926,0.8504213038649735,2,,0.5275254817576231,0.5275254817576231,0.5068281081995063,2.5241621583551682e-11,7.396669737936704,True,False
S088,4,128.0,64,15872,1.7465493363071785,3.6693049000742732,0.8567375189003064,0.8282534027633662,5,,0.5108635972821921,0.5108635972821921,0.3828107719099527,-2.028216237349819e-12,7.04111849414979,True,False
S088,5,128.0,64,15872,1.902425917216367,3.730637445947383,0.9193163749620705,0.7808625884050252,2,,0.6432269499963422,0.6432269499963422,0.6535599437719711,7.112949768767397e-11,9.02510615874873,True,False
S088,6,128.0,64,15872,2.220992784604229,3.640986593511036,0.9768410295821693,0.635144991027149,4,,0.6299918919128866,0.6299918919128866,0.6780218837973658,-2.787516072085451e-12,6.5874246583141804,True,False
S088,7,128.0,64,15872,2.2967720339153495,3.6947175415270546,0.9542895642211535,0.6028302524047795,8,,0.5952284967155104,0.5952284967155104,0.5708160073278354,-1.9492378512943396e-12,10.666665724083199,True,False
S088,8,128.0,64,15872,1.7339945836167805,3.7210349027488476,0.9425355849779464,0.8510448789681712,4,,0.07347383250234704,0.41385823625867246,-0.23670134126290082,-3.508547822352166e-12,5.446259014401582,True,False
S088,9,128.0,64,15872,1.7052468677512662,3.7881911803289405,0.8660591282053726,0.8642985763015932,2,,0.2062902214934193,0.25231191451601714,0.3803629803895783,1.5171814877442673e-13,4.910958848917839,True,False
S088,10,128.0,64,15872,2.725972370621829,3.923003456936077,0.9437777120006811,0.5169156355304496,7,,0.5863735990899165,0.5863735990899165,0.5909010623299654,4.0766010331304304e-13,6.752992546670438,True,False
S088,11,128.0,64,15872,2.4149856441648683,3.864623279204207,0.9315256002454164,0.5681540824488006,3,,0.5578798867415578,0.5578798867415578,0.4584140968020828,-1.1489636346171783e-12,7.454660642443135,True,False
S088,12,128.0,64,15872,2.7211356678375407,3.8882290834221314,0.9402563993532012,0.5183504902328486,7,,0.11660923951402347,0.2506262302899967,0.15323291586740942,7.706725776667075e-13,5.574382709098701,True,False
S088,13,128.0,64,15872,2.506595821805117,3.785966615908511,0.9588147897318212,0.5462968939915279,6,,0.3165079657855206,0.3165079657855206,0.39057861110899683,1.1946994316976086e-13,6.602007079619383,True,False
S088,14,128.0,64,15872,2.6996552408420613,3.73010859332721,0.9428532973754479,0.5161853332499804,5,,0.657335391107671,0.657335391107671,0.6907495348380961,8.801025963438996e-13,5.490874149745903,True,False
S089,1,160.0,64,9760,1.8885975503330665,2.5633836395484795,0.8663023330255615,0.6661757812726878,2,,0.777617511122571,0.777617511122571,0.6264998042807812,-1.5542377351334054e-09,13.556995297841297,True,False
S089,2,160.0,64,9760,1.6288016172707178,2.2976149462590763,0.8483754144492179,0.7537746855960343,2,,0.7624195857608685,0.7624195857608685,0.7928616177486625,6.309218960788822e-09,13.420377484885954,True,False
S089,3,160.0,64,28960,1.5271280834236247,2.384904180221857,0.8459268798373789,0.7932318824866538,6,,0.8258035212654022,0.8258035212654022,0.7791977336978068,1.657382893930456e-14,9.786995647380028,True,False
S089,4,160.0,64,19680,1.5419323057887504,2.4391568488350823,0.8862370940801823,0.7936814769321436,5,,0.09894493840682829,0.2476926182232557,0.03184873623127343,9.420487281961874e-14,16.738076846542853,True,False
S089,5,160.0,64,19680,1.5815370323258464,2.764058161884711,0.8907253904865321,0.8439736554050716,1,,0.0369536655076689,0.26640476906056637,-0.027825956577036393,3.015136216648239e-12,3.5686072674506986,True,True
S089,6,160.0,64,19680,1.9464534563054778,2.774282362263815,0.9637851443260546,0.684656072766129,3,,0.026899663741149816,0.3022700993598516,0.09577490147787482,6.944014663211771e-13,6.267656203016312,True,True
S089,7,160.0,64,19680,1.6879777513273209,2.746448847901613,0.8718555123988394,0.7367859159443058,3,,0.007698586326034356,0.2272918469558247,-0.08770227411022302,6.242698298709263e-12,6.219057179418096,True,True
S089,8,160.0,64,19680,2.056911918062417,2.7912268073510447,0.9186551229637053,0.634841799347801,0,,0.03979848108043525,0.3292104012326017,-0.0869965979255751,3.9291243835684734e-14,5.236425153893335,True,True
S089,9,160.0,64,19680,1.637119903344653,2.72277248827289,0.8621913139286523,0.7790832393546228,3,,0.014999422238202135,0.24688636301049094,-0.058903582611886954,-1.0697865964689355e-12,5.272118721893224,True,True
S089,10,160.0,64,19680,1.507020474054395,2.644084440121172,0.9246421600159427,0.8449101067089497,4,,0.03859296375236616,0.2818879316460508,0.13710338394718172,1.588952225583293e-12,3.7975335555155025,True,True
S089,11,160.0,64,19680,1.5749996025017863,2.5742928835286127,0.88874843903861,0.8080453213204783,3,,0.016427342697505416,0.3096360771320878,-0.1390532485159348,-2.8332202585976555e-13,3.0134366707077187,True,True
S089,12,160.0,64,19680,2.176101907943181,2.8827764642855938,0.9255090075760728,0.6271030825983619,3,,0.04954312961842497,0.27827149864324063,0.009694203123173872,-2.95966455288564e-13,5.478405801680677,True,True
S089,13,160.0,64,19680,1.6643405150817256,2.856853614529169,0.9239016654252845,0.8446362880042104,2,,0.009554413605876803,0.31031972321004364,-0.10641137227291757,-4.0973128154003804e-12,4.851327256590292,True,True
S089,14,160.0,64,19680,2.1897807620329344,3.0350463422724525,0.9173426603068522,0.6221257279346499,2,,0.0983827726745154,0.22450915437215238,0.01826011855392054,-2.5057186756565395e-13,3.9359111542399576,True,False
S090,1,160.0,64,9760,1.6236048970159394,3.7428764261265335,0.9542090578664605,0.9024966905890314,0,,0.7734351994231767,0.7734351994231767,0.7604832989886747,1.5273735237950385e-09,31.562250733744783,True,False
S090,2,160.0,64,9760,1.538548128410561,3.7030327002325873,0.7742584546981824,0.8454277612817049,2,,0.7131088807113581,0.7305681264963401,0.005093779897185624,-4.417352178891359e-09,21.040239274580824,True,False
S090,3,160.0,64,19680,2.7431294451347643,3.882753286857504,0.9676373346499796,0.5177858055782181,4,,0.018839840576210028,0.2553226752051639,-0.012628906299748752,-2.2259084118389498e-14,3.930062120966019,True,True
S090,4,160.0,64,19680,2.5346070467855495,3.7886380342130765,0.9698236082135103,0.5432463247528884,7,,0.007404231462353633,0.25152633828224663,-0.151537170613114,-3.9704541502698545e-14,3.9522126297216325,True,True
S090,5,160.0,64,19680,2.51160126221209,3.7137073207794282,1.0169039893242005,0.5447961232254455,7,,0.039914456330062895,0.842600524402483,-0.7512045629512082,-4.722229168258064e-13,5.361782235694546,True,True
S090,6,160.0,64,19680,2.3065358750358635,3.8151417733021877,0.9562623772159589,0.6107512998863556,5,,0.008284632786634442,0.2392520498865223,-0.007791258287683386,1.0892069199900347e-11,8.728689768609371,True,True
S090,7,160.0,64,19680,2.3506125165182796,3.7609901295110673,0.9741950806916697,0.5847309222815574,7,,0.001432559575612316,0.31008726867356307,-0.052588954604496196,1.3783086344042946e-13,4.827764485639999,True,True
S090,8,160.0,64,19680,2.38347055672907,3.7992710204325295,0.9606009879648411,0.5785928380293545,6,,0.04922030052745943,0.2789310590757584,-0.35919312882167687,4.781466801383339e-13,21.246401782424684,True,True
S090,9,160.0,64,19680,2.5327968450940355,3.786090454266231,0.9750867727933541,0.5384573286277616,9,,0.029240772263316134,0.27497931358586597,0.056554998349593266,4.9167890643735075e-12,6.123040208438935,True,True
S090,10,160.0,64,19680,2.468975482714155,3.938030919034072,0.9281554527165311,0.5588569255196839,6,,-0.000300994466382248,0.2828658612752846,-0.09287159296894264,1.259487468151926e-13,6.249991623073254,True,True
S090,11,160.0,64,19680,2.4558414509253237,3.9614693192653867,0.9657889491438574,0.5634897640387088,5,,0.018693571415675257,0.28498946466860675,-0.008524196036757234,-1.4650146621591788e-13,6.982769544590013,True,True
S090,12,160.0,64,19680,2.42755798955047,3.677301359811877,0.9902617786655252,0.5631280760894587,5,,0.030426374675329926,0.2841582429280077,-0.0050342676252124186,2.2075821051297983e-13,9.271518288834136,True,True
S090,13,160.0,64,19680,2.3876721096289453,3.9313379810568128,0.9537925496793185,0.5805004892355623,8,,0.028309086073759055,0.29144500903854026,-0.09768359303979296,-5.299471457104807e-13,4.564843176344453,True,True
S090,14,160.0,64,19680,2.538468916684237,3.908683196359953,0.96679094375179,0.5362972459082069,4,,0.07448621349029858,0.23556934827979595,0.05182790763768715,-1.8747099212663947e-13,6.888222335067537,True,False
S091,1,160.0,64,9760,2.5924308571852848,3.841941091537994,1.0679496221157065,0.5356287888751761,5,,0.800200059111416,0.800200059111416,0.7473396840975837,1.5666684682400988e-11,9.690946478574693,True,False
S091,2,160.0,64,9760,1.5257424594577147,3.7224377210267905,0.7391714636938921,0.8787698763308787,2,,0.625479106771825,0.625479106771825,0.6688238937163837,1.070422902168969e-09,7.376466108010239,True,False
S091,3,160.0,64,19680,2.631768551246023,3.8065706940184043,0.9638215366181018,0.5302770977377378,7,,0.014419824530794283,0.23984231375238857,-0.042489829482307305,-8.75005591032109e-15,5.365520936055137,True,True
S091,4,160.0,64,19680,2.6038312033075677,3.8722632016890493,1.0030689985061287,0.535432178066084,6,,0.03722517506979665,0.2553194321470511,0.049378151260209335,-5.308685563424925e-13,5.819095900554496,True,True
S091,5,160.0,64,19680,2.552850438505289,3.8030512028556016,1.0037755833611903,0.5411756162803393,9,,0.0010932007985010135,0.28872272525313997,-0.06841739160290881,1.6852043830163184e-13,3.5161687958974674,True,True
S091,6,160.0,64,19680,2.5500312083813688,3.7964157557129656,1.0150180469830676,0.5417752976128872,6,,0.0029496186812084154,0.27320579646167814,-0.10754744864825458,6.618668469196094e-13,5.245047157026239,True,True
S091,7,160.0,64,19680,2.5547881891265796,3.7504570255237017,0.992216450586678,0.5418726546891262,5,,0.020016287279140905,0.2581863382984017,-0.005975547476451732,5.703106563125235e-13,3.154154465265334,True,True
S091,8,160.0,64,19680,2.5878309606266647,3.8943272598993213,0.9991838786624518,0.5331715956701479,6,,0.01589947555259431,0.24800062961211006,0.033436654970604586,1.2364710304577165e-12,5.406304608183598,True,True
S091,9,160.0,64,19680,2.7734629923734713,3.849654238576691,0.9956327969557606,0.5104383421661176,7,,0.009161766812473507,0.27894744316454695,-0.06602092611795526,1.7223481082408752e-12,4.226583517925302,True,True
S091,10,160.0,64,19680,2.559794657451581,3.8676070978117876,0.9746773524316843,0.5410131681296348,6,,0.01133928995386088,0.23642939757261316,-0.011648185010499315,-1.1699116749379447e-14,7.15636235289164,True,True
S091,11,160.0,64,19680,1.7836041971144492,3.7989700588933406,0.9408740315676499,0.8379256572938076,1,,-0.0013932635731903871,0.2372435805011524,-0.08269826555124447,1.982536843135911e-12,6.371666027933959,True,True
S091,12,160.0,64,19680,2.815362604484667,3.832740131099964,0.989710130617363,0.5105842700916974,6,,0.04039442012275779,0.22802394304988205,0.033368642759280684,2.2939002474177056e-14,6.593028819423769,True,True
S091,13,160.0,64,19680,1.7663560020131137,3.726343536519439,0.9554241688879196,0.8487071482642288,2,,0.037168860507800855,0.3100322292062094,0.03976753076371364,-1.2079246596676e-11,10.474036647717972,True,True
S091,14,160.0,64,19680,2.5927664466245486,3.74695397184649,0.9834182111157693,0.5335290363934467,7,,0.011953823965924013,0.22227130085428012,0.06911427039083826,1.1826060635503206e-12,6.531004373117695,True,True
S092,1,160.0,64,9760,1.5215213572431554,3.699357815058802,0.7805985907242314,0.8698243369184702,1,,0.6507509882798272,0.6507509882798272,0.7815367797139364,-3.765803724154837e-09,8.463116690091132,True,False
S092,2,160.0,64,9760,1.4627454233239696,3.7729703354700237,0.8053911695265238,0.9127819092615594,1,,0.5776210934372941,0.5776210934372941,0.5979789186751139,-1.4724768565707065e-10,7.817232183013688,True,False
S092,3,128.0,64,15872,1.5569573810334658,3.777836619057175,0.739932615157582,0.8342619948410295,4,,0.6924368219579662,0.8066038858786876,-0.15886536162561285,2.9154669770461365e-13,5.6340669423624705,True,False
S092,4,128.0,64,15872,1.6447493837937346,3.688961724403722,0.7644855040884818,0.8451523479536807,3,,0.36171110410737456,0.36171110410737456,0.4859604820537201,9.418486524677606e-12,5.406759253579149,True,False
S092,5,128.0,64,15872,1.599331274954935,3.7498493904535235,0.7167935104645812,0.8283133391529638,2,,0.7001348496678476,0.7001348496678476,0.7687541832990386,-1.759938176261676e-11,6.371971915660906,True,False
S092,6,128.0,64,15872,1.64839720994198,3.7120727184155515,0.7470218436851899,0.8333914698961469,5,,0.687955703926542,0.687955703926542,0.7420556709122603,-1.235663707767675e-12,5.868933801922589,True,False
S092,7,128.0,64,15872,1.5720505345257538,3.8108620491698244,0.7455458882425222,0.8524742059503129,2,,0.7362955866124431,0.7362955866124431,0.6031481705762155,4.156512091036749e-14,4.453100031337254,True,False
S092,8,128.0,64,15872,1.6094290895691201,3.7114639985408417,0.7346781714130307,0.8462223536901968,5,,0.785509860986386,0.785509860986386,0.8559528217961263,7.981906765288723e-12,8.963713185562577,True,False
S092,9,128.0,64,15872,1.5707469860935972,3.787444347783104,0.7909494579368566,0.8598818788381484,4,,0.7243453921448012,0.7243453921448012,0.8190702310846558,-2.1681869409454497e-12,5.679552495373207,True,False
S092,10,128.0,64,15872,1.6331482661531425,3.824125147753695,0.7873661204974324,0.8599088926883149,3,,0.5774987966690118,0.5774987966690118,0.1765635866407805,-1.1969965476873826e-10,8.19433381484142,True,False
S092,11,128.0,64,15872,1.699675704685549,3.8022205384576453,0.8003516585766107,0.8282086556664734,3,,0.43586379174987117,0.43586379174987117,0.742430579706609,7.470010437394138e-12,6.512214023651159,True,False
S092,12,128.0,64,15872,1.6112203671857874,3.6918636120070505,0.7652671880365521,0.8447464916206959,6,,0.8086119383448046,0.8086119383448046,0.8143530955896696,1.1119139886740948e-12,5.40660567592198,True,False
S092,13,128.0,64,15872,1.5850299377461954,3.8132868224957632,0.7525774468279507,0.8196771133779661,5,,0.7001637599591047,0.7001637599591047,0.682256355096089,-3.567486197985715e-12,5.917725002000004,True,False
S092,14,128.0,64,15872,1.6154922874170055,3.801841936993294,0.7619561745819955,0.8444118703733063,5,,0.5633473233137152,0.5633473233137152,0.6834598777643387,1.7645897025554884e-12,5.471008874866001,True,False
S093,1,160.0,64,9760,1.6881673512952402,3.307873194692065,0.8800516142499557,0.8403118719419208,1,,0.7062598535508704,0.7062598535508704,0.6299364173386173,-6.883895089470809e-10,19.65854522562086,True,False
S093,2,160.0,64,9760,1.553057481385759,3.3440087686541498,0.80883662591572,0.876128845012709,1,,0.6452926679157142,0.6452926679157142,0.6532343675471085,2.4534440710488537e-08,14.179598899977794,True,False
S093,3,160.0,64,19680,2.3979226461234946,3.5985733993014843,0.8956916162482391,0.569095719957387,1,,0.03761413258911919,0.30913420095286154,0.02595941330853349,6.409122796729562e-13,6.7446130843436904,True,True
S093,4,160.0,64,19680,2.5129082681565653,3.5317563324768546,0.8964363897576633,0.5356450488774629,6,,0.037328464817462964,0.27450401881313974,0.0011917671599085827,2.5981532565968818e-12,7.693376750391537,True,True
S093,5,160.0,64,19680,1.7932484932214345,3.469876254764609,0.8883926582921594,0.8268492218083171,2,,0.002996384106390489,0.3034805609221022,-0.03076737155139192,1.210692421211438e-13,5.661871876779238,True,True
S093,6,160.0,64,19680,1.8310428843330517,3.5056147721874567,0.8932814550826909,0.8108816013888351,2,,0.014394458453953807,0.23489459152167583,0.06569270313450579,1.0395965515633775e-13,6.486042669139411,True,True
S093,7,160.0,64,19680,1.6370961336015504,3.4340850959141096,0.8775178112803608,0.8708621304969539,3,,0.014408329375662473,0.2503075990436607,0.03827927811310426,-1.2461915341380596e-13,3.2529250467258,True,True
S093,8,160.0,64,19680,1.5127085191891605,3.414223327041131,0.8813565625165041,0.9050307806723963,5,,0.02499089474626117,0.23764045770373518,-0.09622789440859657,2.6174592598523572e-12,3.1058729649595445,True,True
S093,9,160.0,64,19680,1.6726226830641011,3.6495369693678326,0.8876432247383707,0.8650801794172074,1,,0.00844916065262679,0.4271078117040732,-0.056450084112493436,-6.77809440618013e-14,4.151972489495138,True,True
S093,10,160.0,64,19680,1.6138525866236841,3.5773754470963537,0.8865656799958097,0.8935139892554139,3,,0.03410760720444805,0.21767140574489868,-0.15565016915696728,2.3338866356173624e-14,3.5440701598611537,True,True
S093,11,160.0,64,19680,1.557204472903691,3.3597918216383706,0.8640220065182207,0.8864892353057495,2,,0.028820711830225443,0.2943902649760386,0.03505555113636694,3.228943699385352e-14,4.576065248485451,True,True
S093,12,160.0,64,19680,1.5902163670018257,3.387804237732343,0.842786662521348,0.8714477908996869,4,,0.008701085700329347,0.3224158438221185,0.003562140731156016,1.701728421580712e-11,6.098746685083877,True,True
S093,13,160.0,64,19680,1.605368036330505,3.5369965532656114,0.9240000132231672,0.8844811164049456,2,,0.12931444784365198,0.1946305475374065,0.3199110477971642,-3.560621722758706e-13,5.546915966642585,True,False
S093,14,160.0,64,19680,1.551211768097132,3.331203136343566,0.8860720551697792,0.9000064645099819,3,,0.07592907744573632,0.26853132773135274,0.20548227102580147,-4.732555653645188e-14,4.31258764350125,True,False
S094,1,160.0,64,9760,1.6096294784402168,3.7562989436738183,0.9538246588306099,0.8634773646416467,1,,0.6360460054748946,0.6360460054748946,0.8262672699919664,4.374153496321048e-10,22.62335349381227,True,False
S094,2,160.0,64,9760,1.5073462598853513,3.5755219637783977,0.7263942466843072,0.8630665252668756,2,,0.8024370238694032,0.8024370238694032,0.8297368342350824,6.000993718485197e-11,7.96437856557479,True,False
S094,3,160.0,64,19680,1.6353431325732668,3.5983389059912376,0.9561485841204078,0.8483867449497167,2,,0.00357708846911525,0.27931238910215683,-0.044614259227017464,-2.0139683444308824e-15,8.612461748426833,True,True
S094,4,160.0,64,19680,1.552697423226333,3.821262027159269,0.8532074306739739,0.8876624268251888,2,,0.06372720227984871,0.8790079221770295,-0.7994980035508057,-4.3557192383196285e-13,7.422773722599901,True,False
S094,5,160.0,64,19680,1.9284508350406888,3.8746908739535852,0.9186024442425165,0.7734874600809583,3,,0.02477299617744505,0.2582102251325735,0.04066129855613687,4.667354069044539e-12,10.214943311124427,True,True
S094,6,160.0,64,19680,1.5834696877114545,3.6958436091423947,0.8539842175528289,0.8940879125789981,2,,0.05035601866028486,0.7521888164010978,-0.6295929157729054,2.1505418664252896e-12,8.216233098287208,True,False
S094,7,160.0,64,19680,1.6614804278966628,3.8315288484361494,0.9036446769533288,0.8725227121471586,2,,0.0018915230808558704,0.3684162150907395,-0.1334812419859731,-6.657455560459417e-13,10.49674288397095,True,True
S094,8,160.0,64,19680,1.609470488775404,3.666965768941025,0.8866426655612432,0.8936313293744265,1,,0.015669033444033798,0.2348023265287488,0.009678264957724031,-2.6086319223005715e-16,8.620868868913929,True,True
S094,9,160.0,64,19680,2.4245541714744925,3.8402271578879974,0.9453243070024551,0.5693559249510465,3,,0.010453924724200949,0.2546010325718161,-0.3156331000140072,-2.89351093138439e-16,3.754275926850059,True,True
S094,10,160.0,64,19680,1.7013815108453427,3.7246741252409072,0.8847421328250258,0.8205920757196535,3,,0.07578178981329262,0.2654614332458588,-0.04944248460781889,5.242365307457179e-15,6.467884433759277,True,False
S094,11,160.0,64,19680,2.357344966537773,3.8729029137706315,0.9044867670094225,0.5894557664437019,0,,0.034534922232027164,0.2191896524870398,0.0788619458338856,1.1836940532099225e-13,4.363287822409786,True,True
S094,12,160.0,64,19680,1.627439162303379,3.791333432514287,0.9090110983246837,0.8929321767597033,2,,0.025730440113478557,0.3043948877730289,-0.03641890709872064,-8.623578784209931e-14,3.9655354360814767,True,True
S094,13,160.0,64,19680,2.5300688557378,3.968157578339363,0.9298276459785,0.5434150502251791,7,,0.00479009485338964,0.26346007488041717,-0.29570393543010165,4.2938688193366136e-13,8.788304044597366,True,True
S094,14,160.0,64,19680,2.375932934482836,3.7838832576088004,0.9132059333299607,0.5787058311251085,5,,0.01973723782303139,0.3427803525146871,-0.6815074535558217,-1.6541695279419496e-10,3.502771240988249,True,True
S095,1,160.0,64,9760,1.5581073203391176,3.8935584976066706,0.8832438207994243,0.9143671918172366,3,,0.8745467933090378,0.8745467933090378,0.7807468326017901,-9.734863212082183e-10,22.95264290909867,True,False
S095,2,160.0,64,9760,1.588963969486859,3.7112245026315884,0.857624231072342,0.8895752220313095,2,,0.7724630045241964,0.7724630045241964,0.16234014427091215,4.968214563089545e-08,13.634950328956643,True,False
S095,3,160.0,64,20000,1.6084938519982028,3.7050201126058044,0.880147481421544,0.8871567748993638,3,,0.8411641494847082,0.8411641494847082,0.8029661229958154,-2.1807982912747133e-11,12.77208720278301,True,False
S095,4,160.0,64,20000,1.5913985219111935,3.6844503527239656,0.9005034182974574,0.8984561602304225,3,,0.8021015654625304,0.8021015654625304,0.8204017412853288,1.399082888205734e-14,9.683335265805985,True,False
S095,5,160.0,64,20000,1.6053182169755096,3.700260575383732,0.8949634950482772,0.8909356978146594,4,,0.8150245573740852,0.8150245573740852,0.305535873026144,6.561091145002074e-12,14.243992179743357,True,False
S095,6,160.0,64,20000,1.5594527099756985,3.674693691205032,0.8920801654829467,0.905454758690059,0,,0.9038829032348396,0.9038829032348396,0.8784995713137225,-4.007983509744754e-12,11.528296152755445,True,False
S095,7,160.0,64,20000,2.344317872552177,3.6439576328143044,0.9650072169285184,0.5979752513135104,0,,0.7518673879062441,0.7518673879062441,-0.13298223072104357,-4.216556459762236e-13,12.258373075133788,True,False
S095,8,160.0,64,20000,1.6202763441114825,3.5729837725150366,0.9500755620257403,0.8911951479850668,2,,0.8390562570820042,0.8390562570820042,0.8123534233758721,3.2779065404127174e-13,12.837938903335669,True,False
S095,9,160.0,64,20000,1.5236760543147043,3.773344665669934,0.9367143012265252,0.9149282805764443,2,,0.6729802355552882,0.6729802355552882,0.5744688714788616,8.950610567411099e-13,16.25204761729797,True,False
S095,10,160.0,64,20000,1.6351829653582923,3.642533998997885,0.8992689400718067,0.8867843905006003,3,,0.37939285821692736,0.37939285821692736,0.40162479286221503,-2.2669282478640962e-14,19.479911069739572,True,False
S095,11,160.0,64,20000,1.6082291884420714,3.708114077367806,0.9210183425139684,0.8932793474727276,2,,0.6721758903183106,0.6721758903183106,0.6395619866674173,-3.400632157131692e-12,9.769568641379882,True,False
S095,12,160.0,64,20000,1.5811056265650103,3.7241740026411576,0.8791422371873185,0.9035071845965821,3,,0.6728354386120411,0.6728354386120411,0.6829519547886876,2.2684192825490217e-14,9.920522187801097,True,False
S095,13,160.0,64,20000,1.5823496378751576,3.7358525214683187,0.9078422602641654,0.9031819552086597,1,,0.8546989800077582,0.8546989800077582,0.8082356838831904,2.1493349917087153e-12,8.881440113728491,True,False
S095,14,160.0,64,20000,1.5294817418917581,3.655278677628952,0.938775679676159,0.9147156639912695,1,,0.8651254368264977,0.8651254368264977,0.5394906540486162,-1.224285685872572e-11,19.586283011298843,True,False
S096,1,160.0,64,9760,1.6141083143087362,3.9104860918196396,0.9224020254376469,0.8988211118881607,1,,0.6001545985442337,0.6001545985442337,0.6265187252019044,-2.1305677955146818e-10,6.9766852797849905,True,False
S096,2,160.0,64,9760,1.607998570603789,3.6771822746315714,0.9447561252505102,0.8950560552464812,1,,0.6424880320923877,0.6424880320923877,0.8363009645797567,-9.487446254943796e-10,23.590466848829852,True,False
S096,3,160.0,64,20000,1.5488094976988838,3.9278159080156927,0.8625981519120292,0.911951813880151,2,,0.800307281096421,0.800307281096421,0.6991946829832851,-2.254207717205561e-12,5.604622103979307,True,False
S096,4,160.0,64,20000,1.5179315878106054,3.9808212796157187,0.8811385235531604,0.9182693415954666,1,,0.38737954733282726,0.38737954733282726,0.49040010143655144,-9.18333041086052e-14,3.104609146859057,True,False
S096,5,160.0,64,20000,1.6177537364884915,3.940620313397043,0.8323117386087833,0.8810062933069838,3,,0.7137548514380647,0.7137548514380647,0.6236238481045945,2.3756853172709783e-12,4.753182527597562,True,False
S096,6,160.0,64,20000,1.5718715545659632,3.9027550419518553,0.9008856057218502,0.9053949477885539,1,,0.06101897699789792,0.3629396762101173,0.08067814074873997,3.276723689340363e-12,5.894499752353082,True,False
S096,7,160.0,64,20000,1.5841373826715461,3.7792301106422856,0.8659981931792369,0.895003274606994,1,,0.08514542670483956,0.3048175033370343,0.10151845031589038,-2.7021127284353833e-12,8.926902187603195,True,False
S096,8,160.0,64,20000,1.8062910104409187,3.8591979148667663,0.8727770753008592,0.8194791398529134,3,,0.022344379871210036,0.27533323343621774,0.08668310054374224,-1.944035689435891e-13,7.122687830636923,True,True
S096,9,160.0,64,20000,1.5523515509122325,3.842338379209143,0.8609622999128037,0.9055054365067128,1,,0.15862742759549953,0.287238932286299,0.16855695162494228,-3.3492776284132003e-13,4.126364942161763,True,False
S096,10,160.0,64,20000,1.614089308926375,3.832035533755504,0.8864665695153737,0.8974978935706842,0,,0.11274138941450236,0.26988922044080554,0.1826173157948902,1.9324817373916697e-12,4.039876001511142,True,False
S096,11,160.0,64,20000,1.5616418499634015,3.88328419968893,0.8294667905124401,0.9000207310319617,2,,0.15156142804461148,0.24745450687598428,0.2920120215016119,4.7527303410294475e-12,4.530241634199292,True,False
S096,12,160.0,64,20000,1.6238673842207152,3.7597228788101638,0.9028602202552289,0.8899143801366999,4,,0.011608037951488816,0.3171626079288592,-0.03498527781283173,2.131374633092907e-12,6.373192654934133,True,True
S096,13,160.0,64,20000,1.5857620892202442,3.791713138492147,0.855680857291439,0.9026468206622477,4,,0.07100838487897608,0.3813525407418201,0.22545462437357078,3.976497140455244e-13,6.408344951302197,True,False
S096,14,160.0,64,20000,1.5635721812633492,3.7794332244900914,0.8852538460678805,0.905151296745041,0,,0.1067847547737281,0.24041639673241993,0.0090093065562511,-4.947321817220493e-14,5.460796452383539,True,False
S097,1,160.0,64,9760,2.6868339934355845,3.952900241027426,0.9527668661660913,0.5233425366357503,2,,0.6911837362209114,0.6911837362209114,0.4326873466092921,3.0113858364447694e-09,20.904331170625394,True,False
S097,2,160.0,64,9600,1.5302125452225015,3.6688674786642874,0.7935566938216291,0.8692977621452898,1,,0.18078680282859255,0.39695687557658293,0.2763055449146927,-1.2422145181224842e-08,15.377283841844028,True,False
S097,3,160.0,64,19680,2.3555856408907063,3.9722552481698576,0.9364656569990246,0.5886063316202492,6,,0.03285097554224797,0.25046647270998657,0.09640697474136913,-1.7451356864202493e-13,3.8082947870692534,True,True
S097,4,160.0,64,19680,2.1796353179051664,3.894092855191017,0.9517884070183613,0.6553258158353634,4,,0.0017187864493438706,0.27759581714551695,-0.08685348091241443,5.229543469348879e-14,10.561535782675351,True,True
S097,5,160.0,64,19680,2.249852932071659,3.8761220836245673,0.9269740649271088,0.6223503320861727,7,,0.09138254401191677,0.30220796862742627,0.27741141997474716,6.690972228664403e-14,6.557140526391259,True,False
S097,6,160.0,64,19680,2.362125245808976,3.8053530605337875,0.9515869481256547,0.585115961345356,5,,0.04144280996295325,0.2365653287886415,0.0253177914014851,-5.366455887465875e-13,5.565354699149242,True,True
S097,7,160.0,64,19680,2.767309405305036,3.791211269396197,0.9203043328087657,0.5123477470914362,8,,0.028027615845065836,0.31103871050748677,0.05705978691450058,2.593926333992638e-13,5.371988616714387,True,True
S097,8,160.0,64,19680,2.6582747506675526,3.9411310074284778,0.9016869246726202,0.516906160524422,5,,0.0027632315763720062,0.22885840652196499,-0.10767081279693945,2.9990007197222804e-12,6.317861588492151,True,True
S097,9,160.0,64,19680,2.3347048297633712,4.011981900643386,0.9015908679415878,0.5933030199719815,3,,0.12828917970525164,0.34851927674603544,0.2232338839774323,4.044119217607217e-13,3.7156832350066438,True,False
S097,10,160.0,64,19680,2.6085040883789716,3.8109985834044386,0.9415490943620204,0.5324723922289515,4,,0.03316077643494947,0.26948485212865336,-0.06199071987589727,5.879105580593543e-13,6.982897756163073,True,True
S097,11,160.0,64,19680,2.5898284753925283,3.9333225049175127,0.9016291312274638,0.5322277912484459,0,,0.003993754541073428,0.24716143454305073,-0.05929885436888528,-4.727832912423626e-14,10.891448139982781,True,True
S097,12,160.0,64,19680,1.8354473894407055,3.7569587828216733,0.9364260681046988,0.8126681617906774,2,,0.03500322588382111,0.3098374160369979,0.0011024759406392526,-1.0396599818546405e-11,6.3768453806129894,True,True
S097,13,160.0,64,19680,2.4049923540123213,3.757564033523281,0.9205268524355574,0.5680752614884593,3,,0.010051117552486144,0.2727902444529498,-0.03108895690320858,9.89761875987126e-13,3.8591438898194608,True,True
S097,14,160.0,64,19680,2.63601094618368,3.92398884353804,0.9426532590027408,0.5251274299420651,3,,0.014647857581297108,0.269459327201241,-0.0028461070220592855,1.3903617294527445e-14,3.9077528851909435,True,True
S098,1,160.0,64,9760,1.5333317661352466,3.1943757387144,0.7645212312664851,0.8673733871843725,2,,0.8642179078257205,0.8642179078257205,0.8078036460795022,3.2282002158531995e-09,15.559531118976627,True,False
S098,2,160.0,64,9760,1.5254794049848366,3.17118899242254,0.7580358097470892,0.8646281078594691,3,,0.7866736993111547,0.7866736993111547,0.7448337598529429,-3.7896550477720885e-10,11.253196451243237,True,False
S098,3,160.0,64,19680,1.5772030985773537,2.7873949469113617,0.8136323872535216,0.8318916401951958,3,,0.0035806288383347083,0.3284383338555196,0.0003049731153589863,9.421767290744084e-13,5.643241106486967,True,True
S098,4,160.0,64,19680,1.5211840677824167,2.8438276779164564,0.8156124704621179,0.8592966285294682,7,,0.007924540696318,0.3134406794858437,-0.021726840977712228,2.0269490516528677e-13,13.10196052415083,True,True
S098,5,160.0,64,19680,1.5762275910786723,2.908148038611841,0.8511279518401138,0.8525132132791446,3,,0.01997995562258711,0.24504303582145695,-0.030527935470592085,1.2797963763856554e-14,3.7156848258564414,True,True
S098,6,160.0,64,19680,1.5659885660988664,2.925190993222694,0.8577357698007319,0.8546374522017965,3,,0.004135775179171519,0.2673791057595364,0.0029162009024339963,4.253337538329709e-12,3.1917427459154246,True,True
S098,7,160.0,64,19680,1.5213418966385708,3.0124814130733837,0.8380273185040044,0.8756892613382457,3,,0.007712809597553346,0.24438954275666525,-0.06724518993252859,1.3102161163486624e-13,18.273133035080942,True,True
S098,8,160.0,64,19680,1.4860133111579814,2.8618962690758734,0.8476430462858553,0.8756650961348466,2,,0.03796726331118578,0.270429971226172,-0.010164920717459475,-8.915939877604795e-12,12.171287797806558,True,True
S098,9,160.0,64,19680,1.5092264530714357,3.106720173800791,0.8552790011587117,0.88762631038813,2,,0.000336671141885127,0.2568212604622649,-0.10378944074578292,2.6881005511836354e-12,8.67525402008161,True,True
S098,10,160.0,64,19680,1.4909309989555988,2.931191693848448,0.8330171396647919,0.8801007260270479,3,,0.017712819043904537,0.27434070460987287,0.008558678737828541,6.985873943903939e-12,6.176113340748301,True,True
S098,11,160.0,64,19680,1.5473316989441317,3.107964328242205,0.8727907247874866,0.8775361100852817,4,,0.012344976564784036,0.2793666635964977,-0.052959692316885285,-3.2044422240590674e-14,5.26138932045326,True,True
S098,12,160.0,64,19680,1.5063852072419897,3.0526333737015023,0.8625749675212032,0.8843337105604369,4,,0.008951225972483125,0.263644155379037,0.027945021808503657,2.798753651053031e-12,10.666233688502425,True,True
S098,13,160.0,64,19680,1.5811570507735064,3.061756740379963,0.8858521735245504,0.8695188616390402,6,,0.007252889021320349,0.3197127726496918,-0.041000271448311844,-2.7757782166285677e-14,8.48721753433006,True,True
S098,14,160.0,64,19680,1.5741830451374115,2.962716186665692,0.8500963115279925,0.8388382880886456,4,,0.022138976705775647,0.2641659975594967,0.009893100292684462,-3.351074506989476e-14,6.650711375423531,True,True
S099,1,160.0,64,9760,1.558166694464438,3.6831924598627492,0.7861566691576345,0.8825501464600326,2,,0.849407483400292,0.849407483400292,0.815580742754319,-1.4662104410474306e-08,11.004388396375944,True,False
S099,2,160.0,64,9760,1.5512028647900877,3.675431196568498,0.8741714071952769,0.9046201481558538,0,,0.6571095870641693,0.6571095870641693,0.8396827241733912,2.8406856379737744e-09,4.828853848746024,True,False
S099,3,160.0,64,19680,1.5269050070516503,3.6617554574165405,0.8570071852114218,0.9028799596706892,0,,0.016584253623742943,0.2148933793605597,-0.14870999899960488,1.9574724051021505e-12,3.285803614329523,True,True
S099,4,160.0,64,19680,1.5412367460302003,3.630788311500752,0.8767360426657124,0.9130988261256416,4,,0.029528934537770255,0.24709840505161915,-0.18341295896254406,-3.928849814963555e-12,2.5441317846417113,True,True
S099,5,160.0,64,19680,1.5142902862081074,3.692825210038869,0.8357587027673228,0.9001232076640676,2,,0.0433057721481904,0.21871023079905563,-0.0038114502531984423,1.318480483921556e-13,8.10385156882624,True,True
S099,6,160.0,64,19680,1.5664760953161454,3.6901590594218243,0.8505529355540249,0.8937721384083706,4,,0.10088352603732385,0.2568414824695136,-0.024074534648435654,-3.952740073818623e-12,4.002399517100161,True,False
S099,7,160.0,64,19680,1.5248463916699744,3.744420957577844,0.8159040697264371,0.8914084668776827,3,,0.05452777815725962,0.24644373480561885,0.07019376895837337,3.12403896632279e-13,2.7928844128943373,True,False
S099,8,160.0,64,19680,1.548025570357627,3.6036593508912125,0.8507860552624824,0.9011668747879021,3,,0.0214390634051584,0.2715152337501886,0.03781615350123215,1.6534311989920637e-11,2.321833399577971,True,True
S099,9,160.0,64,19680,1.6564403982637232,3.7243002969189467,0.9010287693255588,0.8735262815176024,7,,0.010736799916636815,0.22547844574515125,-0.013810074456264618,-4.603157656657298e-14,1.8191997608820527,True,True
S099,10,160.0,64,19680,1.5116196201387964,3.784796001100448,0.8640430176801219,0.9095332943829251,0,,0.01143291553390478,0.22563628372590167,-0.004689064346616225,3.697180462692718e-13,2.655272551874551,True,True
S099,11,160.0,64,19680,1.5533364979236906,3.6293480001470595,0.819994136598789,0.8926155800859146,4,,0.009173586138803421,0.2931754068065616,-0.1161020579671184,2.6971784893411917e-13,2.713043230917093,True,True
S099,12,160.0,64,19680,1.510765095473447,3.6674603890215973,0.8516841258129875,0.9086236145098985,0,,0.0038956789587163507,0.3045911915177179,-0.028429118248371806,5.680663834423001e-13,2.735621361533189,True,True
S099,13,160.0,64,19680,1.567396906671622,3.7663113125707106,0.844575566579845,0.8925919876409545,3,,0.008122053681965658,0.25660341302459544,-0.022453945527634078,2.5923698493621033e-13,3.031457379798419,True,True
S099,14,160.0,64,19680,1.5848825055157514,3.7788235180648204,0.8233152983375618,0.8929121029194808,1,,0.02571181503242312,0.26953639590890255,-0.0070109094338957345,8.289379260872363e-13,4.360531223963745,True,True
S100,1,160.0,64,9760,1.5664410698007476,3.5654812893201915,0.8316532254833144,0.8788235493783876,2,,0.606933389136118,0.606933389136118,0.370301331705205,-4.5393926925085534e-10,8.488382144428748,True,False
S100,2,160.0,64,9760,1.5634524465789017,3.633620213086644,0.7941839011818974,0.8803185978420225,1,,0.6170462577396812,0.6170462577396812,0.7512470476669917,4.576370406311851e-08,15.237138747923074,True,False
S100,3,128.0,64,15744,1.7861540052372962,3.6570892255346927,0.9002039120463923,0.7936042877031014,3,,0.05203990333411454,0.29661317778653834,0.12277482764310209,7.208341856486019e-13,12.199521473377692,True,False
S100,4,128.0,64,15744,2.0472982743765855,3.4874708453392893,0.9390655120349072,0.7104013829905971,4,,0.016255816847552243,0.20036300175665955,0.002841981900617501,1.9902697359755557e-13,8.185305313027577,True,True
S100,5,128.0,64,15744,2.45556343253201,3.693123023655763,0.9657809779574392,0.560007163786404,7,,0.04339197455049163,0.3040082020021186,-0.039577400673610125,-6.322476411660387e-12,12.582190806345789,True,True
S100,6,128.0,64,15744,2.2323707576856218,3.790947672825955,0.9695452294722259,0.635303820854727,7,,0.04772108907738748,0.29897928016580716,0.012147028393185544,-1.2038631498556323e-14,12.16230536627976,True,True
S100,7,128.0,64,15744,2.4210582139556767,3.585162476309467,0.9957256439453628,0.5610846442676466,5,,0.1509235679994617,0.3337385736687875,0.15786974843844284,1.2134051024404499e-11,17.705628361127317,True,False
S100,8,128.0,64,15744,2.3342927215326252,3.6476044521370845,0.9700968399702232,0.5893214115839166,6,,0.017798441577425533,0.3342101459679077,0.01619167512413792,7.303962367237868e-12,22.918597809618355,True,True
S100,9,128.0,64,15744,2.281934844095731,3.6149386321362833,0.9423921358319701,0.5984384429989251,3,,0.0009760314227333184,0.2986966176518382,-0.038682067769389,1.116262085440702e-12,13.180431673157598,True,True
S100,10,128.0,64,15744,2.3176859942809744,3.702042632700879,0.954050618386608,0.5969672434288796,8,,0.03632628421239318,0.4278860093385954,0.08715817814161722,2.1623212026251548e-11,13.172986332300992,True,True
S100,11,128.0,64,15744,2.3600199746750286,3.699359996624385,0.9667760300822996,0.5752133529543301,6,,0.012399174942955438,0.3064282667766602,-0.025016517853135602,1.4818246818392865e-12,15.247711873008848,True,True
S100,12,128.0,64,15744,2.3351633008216823,3.7531800032371896,0.9792670075880462,0.5958405522096417,5,,0.01667848413005272,0.2587528433914153,0.04598738922211638,3.452917059566904e-13,8.369207231356429,True,True
S100,13,128.0,64,15744,2.235294828713549,3.7111234023155575,0.9733271744630412,0.6183814539601106,4,,0.010745456241099951,0.2586175960544666,-0.22462384231662327,-1.4889686228752009e-12,6.716434944867109,True,True
S100,14,128.0,64,15744,2.152832982888924,3.654124240201395,0.9551771143797907,0.664312661325568,2,,0.011538255592322055,0.31322445602367455,-0.02683384585375849,7.703369451291345e-12,5.610882320917504,True,True
S101,1,160.0,64,9760,1.4676741087057414,3.6714331854880173,0.8489693258991189,0.922270776211509,1,,0.7599937630056388,0.7599937630056388,0.7579901699132596,1.0258343325769729e-09,15.705534011874025,True,False
S101,2,160.0,64,9760,1.5982367671870703,3.477701800406655,0.9256802937663984,0.8902274541749762,2,,0.8340561668954755,0.8340561668954755,0.789268774349291,4.606363237328847e-09,11.220413647864461,True,False
S101,3,160.0,64,20000,1.5720604843362438,3.63614387810955,0.8727594323216961,0.8846103143191641,1,,0.8305279173851815,0.8305279173851815,0.9080473885002487,2.9701791531903214e-11,15.449380633154586,True,False
S101,4,160.0,64,20000,1.577082457975595,3.5949602945137853,0.870004706164426,0.8955715381306413,2,,0.917338768194526,0.917338768194526,0.8750223615134441,-1.1278326762327111e-12,12.191861177120812,True,False
S101,5,160.0,64,20000,1.6188448535234055,3.703205264814497,0.8742764423819144,0.8883037953312448,1,,0.7234082356838384,0.7234082356838384,0.769517355072589,7.095005671164639e-13,15.276445309859573,True,False
S101,6,160.0,64,20000,1.5839218040025156,3.6490144022511375,0.8817993644122895,0.8945863426839749,0,,0.859837631495648,0.859837631495648,0.8661633824657917,-1.0204543602472385e-11,17.11369008000687,True,False
S101,7,160.0,64,20000,1.5805564685882523,3.7200053822589068,0.833250579502953,0.8823607789163399,1,,0.8600717061927834,0.8600717061927834,0.8975200769043109,1.1709669404257538e-12,17.58720194787838,True,False
S101,8,160.0,64,20000,1.6521982634648578,3.623779976845706,0.8591165623378644,0.8647585278667488,2,,0.8219461166735448,0.8219461166735448,0.7754313998901357,-2.328848773909923e-12,13.250093450117044,True,False
S101,9,160.0,64,20000,1.5896961082519567,3.655012681691483,0.9082428281941304,0.8968777409817528,3,,0.8593995801210633,0.8593995801210633,0.8080648018162355,-9.64742569862641e-13,9.135220334224954,True,False
S101,10,160.0,64,20000,1.5971671711803184,3.6268244254797715,0.8896970264962989,0.8987706711139081,0,,0.8421495807030452,0.8421495807030452,0.6695673165838847,1.5447066382425813e-12,17.502421929690964,True,False
S101,11,160.0,64,20000,1.5905296877306958,3.5905256426766066,0.8512192773918041,0.881390782071714,4,,0.8957823584095348,0.8957823584095348,0.8030708798752588,-2.244688077432949e-12,7.605337221191049,True,False
S101,12,160.0,64,20000,1.5759022474104212,3.6543027480451955,0.8641171957203435,0.8880058155254812,5,,0.8132286281669981,0.8132286281669981,0.8778420599642079,1.0148454733142696e-12,19.217052899701702,True,False
S101,13,160.0,64,20000,2.3744119087081046,3.7636146440113283,0.9209335662913454,0.5814237211092004,3,,0.9011328263613106,0.9011328263613106,0.8308547998564243,1.9790084477626577e-14,12.243743989060105,True,False
S101,14,160.0,64,20000,1.5987164122605113,3.7010746588367254,0.8793069153400704,0.8974455961125068,1,,0.8328258501420497,0.8328258501420497,0.6454083909260515,5.035787874036706e-12,35.57102286494193,True,False
S102,1,160.0,64,9760,1.6258643756028568,3.3748136484969637,0.8379565455905114,0.8703861312287147,2,,0.7563798825901852,0.7563798825901852,0.7893767538877308,9.697257323216007e-09,17.679168337318462,True,False
S102,2,160.0,64,9760,1.5657504643930633,3.333524081285436,0.8371649086802664,0.8829446023356786,1,,0.7542776153794453,0.7542776153794453,0.6663490559201608,4.2945731559133825e-10,9.578618127533424,True,False
S102,3,160.0,64,19680,1.6243630617076183,2.8218271439792684,0.8708166116590259,0.8239089398449649,1,,0.012359156337419339,0.27556989539607274,-0.17857597108871232,1.8128218588361915e-12,5.328768496770337,True,True
S102,4,160.0,64,19680,1.572088399592439,2.9197108139111405,0.9060626648422255,0.8458562733446986,2,,0.014062265267180872,0.2200527613733855,-0.15530234951187397,1.355171881927649e-12,2.9717297216651675,True,True
S102,5,160.0,64,19680,1.5815445843465046,3.069111162207186,0.8884863544076647,0.8674325089092828,1,,0.015311829709030991,0.24811791465765673,0.023166717536889557,4.2504663963658436e-14,4.347287313512165,True,True
S102,6,160.0,64,19680,1.491074252002135,2.86125474283053,0.867885587695385,0.8662974596041819,0,,0.011009503805981046,0.27145333636633,-0.20818168012365446,1.2115848798359805e-12,4.858516595219244,True,True
S102,7,160.0,64,19680,1.6472368407803304,2.979668081890369,0.8934411689486735,0.8279906709528708,3,,0.07859102475651837,0.2583386877264919,0.03856348327702444,-6.6993963074603514e-12,4.568345657295348,True,False
S102,8,160.0,64,19680,1.6210673735936756,2.978504281382282,0.8673354438615015,0.8521665223791166,3,,0.023174867070318583,0.24246683874434366,-0.09339299083911379,3.566681620577919e-12,4.005831173063606,True,True
S102,9,160.0,64,19680,2.271627295933958,2.9335584427522203,0.9029283594289341,0.5746264239372081,4,,-0.000560050185487856,0.25507419457687236,-0.2981600327898363,4.1580820891139606e-13,4.110971353388788,True,True
S102,10,160.0,64,19680,1.7001631414624971,3.069421538222997,0.8998728045176403,0.841550354739568,3,,0.00997451150777743,0.2621160073995831,-0.10723907683157495,-7.783329086415632e-13,2.50483324165483,True,True
S102,11,160.0,64,19680,1.610319075138786,3.0054808827853243,0.8906387460412024,0.859557813889879,3,,0.022238359113831967,0.2774840162767654,-0.04953507539075863,6.323906095521219e-13,6.5501567101996345,True,True
S102,12,160.0,64,19680,2.0766522269109444,2.988742391651291,0.8821814704118045,0.6654582781037681,4,,0.0072280678409772006,0.25194969380658055,-0.05951894421875911,-7.771024529554339e-13,3.556533309247554,True,True
S102,13,160.0,64,19680,2.327848525252808,3.1013440611509218,0.9591586807428285,0.5725963655644668,6,,0.04491629608844017,0.30419253263049645,-0.10533305501192775,-1.8651591143944322e-12,2.5642927991946474,True,True
S102,14,160.0,64,19840,1.65366920655828,3.0731132207167375,0.8958280744814083,0.8226898700746776,3,,0.7195337326664856,0.7195337326664856,0.6514868704007584,-8.761151436416881e-12,4.507257076333101,True,False
S103,1,160.0,64,9760,1.617033413463994,3.635392266457611,0.9452818192492523,0.8961329558623805,1,,0.8147245993016035,0.8147245993016035,0.5847093361988102,-2.3260307850187474e-09,7.211786854751257,True,False
S103,2,160.0,64,9760,1.5729503307524395,3.7501337422519536,0.9014321316005802,0.9021116064905716,0,,0.6765178363550318,0.6765178363550318,0.534148255372586,5.375857456762528e-10,6.049829025720806,True,False
S103,3,160.0,64,20000,1.4945793505264935,3.591806158354689,0.9874263603891289,0.9196196909112637,3,,0.2134602323320059,0.2134602323320059,0.33106492450722785,-1.0461857113071146e-12,3.083706232452689,True,False
S103,4,160.0,64,20000,1.6117997383015152,3.7593747008331846,0.8765057960103921,0.8901870142943427,3,,0.5613866574125146,0.5613866574125146,0.656360605186934,-8.118585976949922e-12,4.041106810387173,True,False
S103,5,160.0,64,20000,1.5941459513887821,3.5859315093263087,0.9683655254141863,0.9016226097183898,3,,0.4740498491704936,0.4740498491704936,0.47308258351641397,1.2044608312765727e-12,5.6260011334804325,True,False
S103,6,160.0,64,20000,1.6105956691136143,3.5593604554179965,0.931350289806113,0.894240450167632,3,,0.2164498887131206,0.7358589893000143,-0.579826600768437,3.203507328312296e-12,3.493996841660222,True,False
S103,7,160.0,64,20000,1.5699898994013055,3.669381048284504,0.9297020503881277,0.9044807346719094,3,,0.5374423757694885,0.5374423757694885,0.5796297370563727,9.076907994235038e-14,3.692141637845597,True,False
S103,8,160.0,64,20000,1.608526236947426,3.691416337731143,0.9124936359758371,0.8938874836020249,2,,0.644242101730224,0.644242101730224,0.6830260876564347,-9.534201718178238e-13,4.904587911721393,True,False
S103,9,160.0,64,20000,1.602821641220781,3.6137300900680422,0.9074237668203589,0.8959378908420625,5,,0.705009852538368,0.705009852538368,0.7366186399490446,1.2744408000910341e-12,5.744658241245601,True,False
S103,10,160.0,64,20000,1.6032976646328716,3.686906637930398,0.8987667823287013,0.8936093135500662,5,,0.5576954995703078,0.5576954995703078,0.526020626282373,-2.929745678217191e-12,3.6317829739388245,True,False
S103,11,160.0,64,20000,1.5836926411996561,3.7083563919136635,0.8628535414268581,0.901616256508468,2,,0.8016348477933547,0.8016348477933547,0.77092423313307,-1.3265145685065645e-12,9.167684934570854,True,False
S103,12,160.0,64,20000,1.6293144371007646,3.69456870849226,0.8922507062688445,0.8914362126128319,1,,0.5443352603924552,0.5443352603924552,0.28013110055238805,3.776368147331305e-13,3.9973965492592587,True,False
S103,13,160.0,64,20000,1.6152670826435644,3.793661674458705,0.8593524191182019,0.8891513607534796,2,,0.677710330266225,0.677710330266225,0.7283990677777938,-3.2712415285375175e-13,4.12155138237235,True,False
S103,14,160.0,64,20000,1.5728402885129666,3.606294623412168,0.8914934277509834,0.8996262810464308,5,,0.1941325131073273,0.2614745252059514,-0.11144065840429408,3.252024971969542e-12,4.069355604681802,True,False
S104,1,160.0,64,9760,1.5705113071300052,3.590804041825699,0.8516183848714355,0.8812827434371915,3,,0.33050537370947203,0.5111083242796254,0.5471961625182277,-5.265546834459976e-10,13.204593041892418,True,False
S104,2,160.0,64,9760,1.6045530746082066,3.5817667619414637,0.880294484254184,0.8963333823991727,1,,0.6024777474863586,0.6024777474863586,0.6761169707519532,-1.7541840009594158e-08,16.17018803433076,True,False
S104,3,160.0,64,19680,1.5643264407203206,3.6762604550632405,0.8747763977588233,0.9031143444916216,3,,0.017881964966925706,0.3749196585024499,0.02298321916124222,-1.1133307853888567e-13,4.654506958584597,True,True
S104,4,160.0,64,19680,1.5690907015135598,3.570202192738053,0.8694121965162246,0.8957669590474553,4,,0.01274289209475915,0.2280756701378874,-0.10805314606262295,8.861449344521682e-13,4.379801776550577,True,True
S104,5,160.0,64,19680,2.276303887616011,3.6121366491237095,0.8876032132919645,0.6104009770475862,1,,0.010150051607659718,0.31472618070045943,-0.07458350561412883,-1.1591102991698062e-12,3.4907037589914998,True,True
S104,6,160.0,64,19680,1.6193630183297376,3.6960482525915124,0.8742195014622709,0.883605004564289,5,,0.009044683164746504,0.38753227589194983,-0.3203940937787988,-1.1948156041944007e-12,6.958178105067964,True,True
S104,7,160.0,64,19680,1.5757813868542487,3.6987299606664585,0.8068635344150812,0.8861935179169047,5,,0.01613752807672953,0.36178402422818734,-0.0508085189590913,-1.8555303889047353e-12,4.370793707303386,True,True
S104,8,160.0,64,16960,1.5809049439998624,3.684600859573644,0.8244135984736144,0.8905514781883768,3,,0.8486751516412309,0.8486751516412309,0.6566166919487284,-1.5386104542473041e-10,9.320703806939944,True,False
S104,9,160.0,64,19680,1.5805299129456685,3.6723527553781787,0.8632681503365404,0.8989476807254796,2,,0.017779524077549763,0.22212394417698683,-0.21897112252596493,8.183628378650729e-12,4.647394651355846,True,True
S104,10,160.0,64,19680,1.5642559443038884,3.613412820389365,0.8912334726902912,0.9010643607775856,5,,0.023202833155876915,0.35769175465438685,-0.0064741443438475765,-9.333310382396068e-12,13.091205547103028,True,True
S104,11,160.0,64,19680,1.5733827640539022,3.7140072179753982,0.817519326949458,0.8978082587331231,4,,0.06866827496947067,0.24817454608174203,0.007197759867192035,-1.1277787472435641e-12,5.767336770363171,True,False
S104,12,160.0,64,19680,1.6373284690755792,3.730907830594255,0.8936285111553142,0.8781906377586742,1,,0.020502430757783102,0.23801647634579354,-0.10596418870160297,6.946052218514802e-12,6.050587691248828,True,True
S104,13,160.0,64,19680,1.5825347493685171,3.8482409046926085,0.8512557648277084,0.8980517491195859,1,,0.021586654139729558,0.3097644942290274,-0.03017645343212589,-6.0929566517742604e-12,4.028634480648076,True,True
S104,14,160.0,64,19680,1.6102649156621776,3.6851843871801897,0.8040437371847855,0.8775427121319332,3,,0.049469321906063554,0.2573777829664025,-0.03071233775320413,3.687687491984656e-11,4.011559521555042,True,True
S105,1,160.0,64,9760,1.541008998070738,3.6314917114888647,0.8460355051615587,0.8931952833809246,0,,0.7243768272520895,0.7243768272520895,0.8170756969265209,2.02325585730216e-08,10.336487795052461,True,False
S105,2,160.0,64,9760,1.5844005400291459,3.579301156610073,0.8549269276094646,0.894965628935377,2,,0.8164189346456239,0.8164189346456239,0.6660542359939234,-4.0047627295742875e-09,10.902303458988909,True,False
S105,3,160.0,64,19680,1.577462003931614,3.685325766609518,0.8409860412145929,0.8941461843931948,4,,0.032452077952613644,0.2444770264678615,0.05733527919450145,-4.0298912873871726e-13,3.0119654377863885,True,True
S105,4,160.0,64,19680,1.573212969189827,3.621101267677343,0.8814871281166823,0.9050541180755687,2,,0.030216578894838444,0.27254483974277227,0.0452197949222337,-1.177890929293308e-12,9.613029757516946,True,True
S105,5,160.0,64,19680,1.8105096019418296,3.87057247192314,0.8356652489758489,0.821090773554531,3,,0.007860269175586791,0.31460847397009584,0.0010132012931025544,8.700446271375908e-13,8.614649684228452,True,True
S105,6,160.0,64,19680,1.6613075811787612,3.646588318588898,0.8735498505619765,0.845636978638924,1,,0.018436657486801185,0.29414665379442856,0.012894201518463544,7.850040406252965e-13,3.722637138588848,True,True
S105,7,160.0,64,19680,1.6131640225097659,3.7254622694253445,0.840079926034339,0.8888346389029107,3,,0.001569991186979305,0.37362588391353596,-0.03987943830812956,8.264081598861739e-11,3.7567842537144664,True,True
S105,8,160.0,64,19680,1.598283551835674,3.6825044127952564,0.8279102763697272,0.8904700818617959,6,,0.021949902057967145,0.32812624231820364,-0.36301170702232033,7.744252272684247e-13,2.1237518729652005,True,True
S105,9,160.0,64,19680,2.3712130524826796,3.7195583641699987,0.8460408307708664,0.5746721974486965,5,,0.0059414065175962556,0.26856026132178895,-0.0655847532682261,1.045550019819845e-14,4.054920080374861,True,True
S105,10,160.0,64,19680,1.605234430327541,3.7714462238600763,0.828349481006121,0.8882377737019687,3,,0.003056446306965976,0.21673536313769612,-0.23390173011034088,3.693782330169283e-14,3.9320567292789215,True,True
S105,11,160.0,64,19680,1.5556556069171465,3.7409725362473494,0.8600733326525845,0.904394845038633,2,,0.024829686574217823,0.7030895256941573,-0.7829380800954114,3.154696939456417e-10,9.679925642967174,True,True
S105,12,160.0,64,19680,1.5822266989783649,3.6951412037521307,0.8596569697267031,0.8913987821238222,2,,0.014826334319558458,0.2602277547174596,-0.07116957967673065,1.5900822186205483e-14,3.4090598023015386,True,True
S105,13,160.0,64,19680,2.3595318633235243,3.676917358405158,0.8266619481167105,0.5742660045691437,2,,0.0737665657403771,0.25432117021525424,0.13122402009366416,3.312439039329287e-13,6.255896825138017,True,False
S105,14,160.0,64,19680,1.592864899387424,3.729971755621621,0.8462467729367726,0.8986585984610582,6,,0.00870826243300957,0.2364484122611214,-0.2683031128983747,9.819351594564516e-14,2.6559326718290093,True,True
S106,1,160.0,64,9760,3.085695460780528,3.8442546368829067,0.8569403968983125,0.4948306224921244,4,,0.838538074226333,0.838538074226333,0.4053166210353021,-7.749657630773947e-10,16.37788821101965,True,False
S106,2,160.0,64,9760,1.5948962140586338,3.653382916000483,0.8576402489559023,0.8857622828329692,1,,0.719946435908827,0.719946435908827,0.7869833049423317,1.3589693273098958e-09,10.353534214797238,True,False
S106,3,160.0,64,20000,1.6160343778428083,3.7730130271967672,0.9020231559028673,0.8927286984617251,4,,0.5967238961872646,0.5967238961872646,0.690125314820701,-3.3658497412721895e-13,8.720391517211509,True,False
S106,4,160.0,64,20000,1.5338427743743464,3.811571995814446,0.871938729526178,0.9034731493014809,1,,0.8289709561327621,0.8289709561327621,0.6918938847048484,-9.52841680907704e-13,6.777289859826272,True,False
S106,5,160.0,64,5920,2.2635228738825885,4.083446902337821,0.8566269679508833,0.6126746245673662,1,,0.5067304718820503,0.6461120934779839,0.5236518434625619,3.382872272244348e-08,16.241352945646824,True,False
S106,6,160.0,64,20000,1.6010924538273241,3.7028533743774177,0.8619097121130672,0.8919314514434062,3,,0.8405650322909985,0.8405650322909985,0.6854861867151805,5.014550096253549e-13,8.66020161044871,True,False
S106,7,160.0,64,20000,1.5581380617027238,3.6868594346287784,0.8625959420981962,0.9021963172290887,3,,0.7448602172174126,0.7448602172174126,0.7083237201621637,-6.403154511216041e-11,12.499164074920163,True,False
S106,8,160.0,64,20000,1.6316928121267074,3.754814241944721,0.9008016151839642,0.8889122990379723,0,,0.7971271209453408,0.7971271209453408,0.43509661280351714,-1.0193481202567325e-11,9.458826608749867,True,False
S106,9,160.0,64,20000,1.6025538915743773,3.758412654557091,0.8694577992053703,0.8939135898338975,4,,0.6963623023164233,0.6963623023164233,0.6978962841034078,6.654291913724633e-14,8.898184333163812,True,False
S106,10,160.0,64,20000,1.5763266547742156,3.7453367410397806,0.857410465386196,0.8916779434209268,2,,0.7296626562355808,0.7296626562355808,0.6750909867896431,-5.471215861242617e-12,7.536370319134893,True,False
S106,11,160.0,64,20000,1.5766805963277886,3.8397514553652554,0.8670629317733709,0.8994375477104696,0,,0.7019572997535248,0.7019572997535248,0.7216499635843059,-6.529408157445241e-13,8.815527727969636,True,False
S106,12,160.0,64,20000,1.5315618882733237,3.707826467004545,0.8724280553280959,0.9125159095501862,2,,0.6730370206694842,0.6730370206694842,0.6773667192208661,7.151314341085122e-13,7.534043866181642,True,False
S106,13,160.0,64,20000,1.6629752343908906,3.7830694986464355,0.8936782175456819,0.8700482347379654,2,,0.892974866288993,0.892974866288993,0.8177321777650386,-5.97138039049306e-13,9.339868205761071,True,False
S106,14,160.0,64,20000,1.5349952902149713,3.739317280737634,0.8731334581187387,0.9087730357921391,2,,0.8808162238756985,0.8808162238756985,0.9288817616158449,-3.7495776376046485e-13,9.209968751120256,True,False
S107,1,160.0,64,9760,1.4947595135009308,3.5447002147991444,0.8750883663271241,0.9195628174439245,0,,0.7467517642171995,0.7467517642171995,0.5745674291003307,-9.286731980738625e-11,9.314835059188722,True,False
S107,2,160.0,64,9760,1.5036215309531764,3.5596781073381187,0.8858794264221741,0.9179799398786697,0,,0.5651759995562675,0.5651759995562675,0.5447322595763213,-2.744382415410169e-09,7.14688426445841,True,False
S107,3,160.0,64,20000,1.6000998909034891,3.555906291863219,0.9028115276256418,0.8950640507415544,3,,0.3917770341717566,0.3917770341717566,0.4020753693238946,-1.2776105607461929e-12,3.758280207692645,True,False
S107,4,160.0,64,20000,1.538927669451156,3.651885626875596,0.8974557068914883,0.9094675714946049,1,,0.5112372885144045,0.5112372885144045,0.6102201294045502,-2.2499524760177271e-13,5.366430667432655,True,False
S107,5,160.0,64,20000,1.5923280524544254,3.768297806179867,0.925720331461221,0.9015521977929352,3,,0.0756725215591028,0.2553728587872222,0.2502655313192432,7.368808748360481e-12,5.251324362166912,True,False
S107,6,160.0,64,20000,1.5267078581937117,3.7584561388664746,0.8296831037045029,0.905589479045519,2,,0.2904303473454167,0.2904303473454167,0.3391671183401096,-4.063851051903519e-13,4.658801838243035,True,False
S107,7,160.0,64,20000,1.5724336633530553,3.6735765049393025,0.8746157479377438,0.8978029092389868,4,,0.11182994605575619,0.30305968679752043,0.09217657328003033,-1.2893504379494238e-12,4.587987940699173,True,False
S107,8,160.0,64,20000,1.6227899330910118,3.794412671472345,0.8688653652736723,0.8782773620869638,3,,0.21855522517060977,0.21855522517060977,0.2689541876723424,3.2207141013937796e-13,4.024848052598495,True,False
S107,9,160.0,64,20000,1.6173827360779964,3.596110743804516,0.9277748738035485,0.8879083009638717,4,,0.058464386711056325,0.2552456786974972,0.0649953878756103,-1.6448477881048727e-12,3.7537316900624735,True,False
S107,10,160.0,64,20000,1.627504766190548,3.7129427728922373,0.8730630683196965,0.8840092313532937,3,,0.2631312405445805,0.2705922712597192,0.29250054229217076,2.2966488444963228e-12,7.885434518532316,True,False
S107,11,160.0,64,20000,1.6022560139020476,3.6815643836634564,0.8762768280411841,0.8917037395476302,4,,0.039216814087771154,0.2295451406905769,0.08154209495789519,3.865832274998075e-14,3.0965933628407893,True,True
S107,12,160.0,64,20000,1.5147572993254452,3.805438866750216,0.81081151703488,0.9083344227836417,0,,0.02806314130431789,0.28013550561147205,-0.342074478703302,8.106876535621829e-13,3.9196712450918505,True,True
S107,13,160.0,64,20000,1.5420364738107806,3.685161537134552,0.875706319139912,0.9127473204227443,0,,0.35799649552703633,0.35799649552703633,0.2805205980172511,-9.43612927360225e-13,3.8401440153113064,True,False
S107,14,160.0,64,20000,1.615472873337264,3.7409561843753227,0.8697607080070318,0.8857956846801411,2,,0.05203655176821717,0.22588656734314647,0.0928533822471439,3.34557809495369e-12,2.678573950730457,True,False
S108,1,160.0,64,9760,2.4880326065365983,3.9880488330862027,0.93398665268582,0.5543698788053784,2,,0.7318672623698312,0.7318672623698312,0.6661277199186626,1.3800087966235548e-11,7.289431104469363,True,False
S108,2,160.0,64,9760,1.5466170860547104,3.596008747173104,0.7927888285553006,0.8968937686707279,2,,0.7932748952123976,0.7932748952123976,0.7370282697081486,6.583040707792743e-10,8.73734329885812,True,False
S108,3,160.0,64,19680,1.5568408799075533,3.5631203794087134,0.8548990323115342,0.8993161835126601,2,,0.03833764471677029,0.2586744112941739,-0.028889758274159197,-4.560354758520688e-15,6.798087510564099,True,True
S108,4,160.0,64,19680,1.6117534833470901,3.7127659179287007,0.8802561437045084,0.8779566137820899,3,,0.024559041057271826,0.31507203371898335,-0.07401435993102425,-1.1920459514471269e-12,5.006207849751794,True,True
S108,5,160.0,64,19680,1.7564512922111595,3.7716377366987324,0.9399790624646303,0.8514429443779195,2,,0.045208585910442155,0.283088435263092,-0.1341762444071715,9.524858120614958e-13,4.041153968812079,True,True
S108,6,160.0,64,19680,2.0900688470519215,3.732750985792582,0.9303416014769365,0.6978201864877235,2,,0.0611876383828817,0.31237680886945973,0.1209079235364961,8.860225842266367e-12,3.682014973462753,True,False
S108,7,160.0,64,19680,2.2616085046564383,3.737163015899781,0.9398263464943898,0.6223970859581579,1,,0.025352369496677133,0.23496538867678407,0.013742472919257884,-1.4265168130817613e-12,2.87297715558989,True,True
S108,8,160.0,64,19680,2.0305446639309257,3.8554529528355923,0.9246445157323098,0.7245036693126341,1,,0.023691895483192973,0.2584219323024622,-0.031759072803663954,-3.832495948044648e-13,3.3555669344131562,True,True
S108,9,160.0,64,19680,2.255784659043271,3.8590404567346486,0.9302588709795996,0.6235885955139295,6,,0.029896681247016228,0.3248953022093853,-0.08395230399117856,-8.649456858655728e-13,4.033063339318484,True,True
S108,10,160.0,64,19680,2.147266105328631,3.81339294901393,0.9369943100212038,0.6700137986870714,3,,0.06240933810399367,0.23453179847578784,0.05469411877703083,1.145827118587986e-13,2.7468597467116047,True,False
S108,11,160.0,64,19680,2.4378738606732955,3.936691287915955,0.9285306700698446,0.5650989992598521,2,,0.04463745856071865,0.21513238224489561,-0.10324183159409178,-3.9107595198236825e-13,3.814797616358454,True,True
S108,12,160.0,64,19680,1.6570938931125392,3.803219531704337,0.9301099046287169,0.8861411438668597,1,,0.07256727512134055,0.24032552012050418,0.017470469906439728,-7.718813751159577e-14,2.5972007580668626,True,False
S108,13,160.0,64,19680,2.5613852568218296,3.850617872785458,0.9278726249455883,0.5394210687270533,8,,0.012931917749858657,0.29503728386115874,-0.05708677237343357,4.099815708968436e-13,3.973571602787698,True,True
S108,14,160.0,64,19680,1.8108542089461475,3.9339710728886352,0.915260907464956,0.8315978912685515,1,,0.012207407797107502,0.22930044517400242,0.03136421430577595,3.286292138540352e-13,2.7513951385108606,True,True
S109,1,160.0,64,9600,2.346625966168199,3.719205087933338,0.8932555383873154,0.5876965525932913,1,,0.8333850090155391,0.8333850090155391,0.8032416493698379,-1.7582004302619435e-10,18.40383473275525,True,False
S109,2,160.0,64,9760,1.6062581468383577,3.5261893321608175,0.9362229842070475,0.9007003634934393,1,,0.8320541759654503,0.8320541759654503,0.44849864079184454,-2.2733882657591613e-09,34.887793542063626,True,False
S109,3,160.0,64,19680,1.5930158707710915,3.6446387096558457,0.9089129875626046,0.9008305271315018,3,,0.02128694282686776,0.2245575625489215,-0.09280674833922754,3.6280535350395246e-13,4.460007596051958,True,True
S109,4,160.0,64,19680,1.5972226675842864,3.586190320385437,0.8501269581363371,0.8860535140058572,3,,0.44904224330752507,0.44904224330752507,0.3662078616971438,-8.167959406734636e-13,5.518450999494498,True,False
S109,5,160.0,64,19680,1.616979349236312,3.4886531592906778,0.9023511676494829,0.8929279788532232,2,,0.011939017715721513,0.21905219931935382,-0.03433296129218966,-8.540368525743507e-13,8.8224983928485,True,True
S109,6,160.0,64,19680,1.620526348440391,3.5471933370135993,0.928425160026432,0.892570570167788,3,,0.03086059888378654,0.26935546719936737,0.02400336371883449,1.3546310388619479e-12,6.994587680874994,True,True
S109,7,160.0,64,19680,1.6224242467044245,3.6106227823237775,0.9119637770741726,0.8868435575331977,4,,0.007187134249573741,0.2840067140861871,-0.061496982208955484,3.3703890105607647e-12,8.493699562109061,True,True
S109,8,160.0,64,19680,1.57754495586565,3.5859586413399205,0.9052060303793141,0.8840149112639714,3,,0.017883268676680823,0.29571756080467426,-0.35698221314862555,4.022212781170037e-12,5.779537430193123,True,True
S109,9,160.0,64,19680,1.6421802507651713,3.7518841860997174,0.9224923210006126,0.8880975621657017,3,,0.010081599347287348,0.28811742687957437,-0.1073238547086537,6.132369514329093e-11,6.176143233609787,True,True
S109,10,160.0,64,19680,1.5695714477632294,3.594311598382208,0.8964121279090582,0.9027532130414879,5,,0.3177095406988875,0.3177095406988875,0.27676310391895004,-3.8345408822117637e-13,5.316973653624563,True,False
S109,11,160.0,64,19680,1.5693762359562562,3.5565962363071604,0.897682741385093,0.8970044293478998,0,,0.0018932247927766488,0.24305856518053998,-0.19178193376704328,1.4950262808741768e-11,13.62167314244359,True,True
S109,12,160.0,64,19680,1.5841250106287337,3.6511345314824717,0.8595657714487317,0.896218861332754,4,,0.0918184101885449,0.2539634161238958,-0.027920222102796488,7.943719638116992e-12,14.494218263192304,True,False
S109,13,160.0,64,19680,1.5828081196946775,3.500646830981916,0.9288818366292066,0.9004839290997302,3,,0.02274100171963777,0.33393168815140395,-0.3626880875352307,4.091141956344099e-12,7.755055105175556,True,True
S109,14,160.0,64,19680,1.6132204211784509,3.5355337020858153,0.8608069313165916,0.8899019502222322,4,,0.010139748918705876,0.25159568484537914,-0.2638658937714118,2.1948972884873947e-13,8.83833369378758,True,True
